150.000000
150.067570
150.117610
150.152796
150.210993
150.252116
150.295449
150.334747
150.392668
150.441998
150.494931
150.542073
150.587410
150.631861
150.674957
150.716600
150.760388
150.805327
150.839765
150.881055
150.916658
150.943226
150.986973
151.023578
151.052926
151.086420
151.119603
151.171755
151.204820
151.249118
151.277481
151.290972
151.302105
151.307839
151.297098
151.303986
151.286939
151.278150
151.283766
151.276289
151.270247
151.272737
151.252836
151.225082
151.206007
151.200804
151.195501
151.184864
151.180307
151.169810
151.169245
151.177451
151.186044
151.192732
151.223238
151.234711
151.235829
151.229120
151.215219
151.219730
151.211991
151.218714
151.255148
151.299065
151.334243
151.383052
151.423895
151.480028
151.510979
151.552628
151.611660
151.665342
151.733030
151.789338
151.844790
151.890360
151.937650
151.987901
152.031921
152.064904
152.110495
152.160403
152.216780
152.259675
152.308055
152.362741
152.394816
152.418608
152.455399
152.481534
152.511066
152.536633
152.572631
152.587789
152.587077
152.578356
152.562656
152.544750
152.532018
152.521612
152.505804
152.492900
152.484430
152.477228
152.476316
152.479081
152.482070
152.479070
152.462709
152.454211
152.451592
152.448926
152.437440
152.403975
152.355690
152.311106
152.254544
152.186561
152.142806
152.095506
152.046310
152.014233
151.963826
151.934203
151.895548
151.858323
151.826801
151.803419
151.786312
151.760781
151.733699
151.718067
151.714759
151.716119
151.725214
151.723416
151.728894
151.743251
151.744849
151.746024
151.742299
151.733112
151.732754
151.722157
151.712631
151.692574
151.677208
151.670441
151.669728
151.669584
151.670348
151.675426
151.685055
151.705674
151.728996
151.766680
151.804492
151.827510
151.842167
151.868965
151.894488
151.924370
151.961805
151.999887
152.044315
152.096184
152.143126
152.179663
152.212795
152.248075
152.267720
152.281706
152.290135
152.289754
152.307922
152.341147
152.355310
152.388401
152.420680
152.459251
152.487687
152.523210
152.573827
152.617218
152.672713
152.699567
152.726125
152.762389
152.798688
152.846490
152.899120
152.946668
153.007401
153.053616
153.094986
153.144689
153.177604
153.216514
153.237523
153.260736
153.263969
153.298776
153.320691
153.350022
153.387413
153.435069
153.472023
153.509406
153.547055
153.603564
153.648454
153.704502
153.737071
153.766434
153.796612
153.817826
153.837640
153.843176
153.851869
153.864549
153.857785
153.868405
153.888790
153.902212
153.920928
153.950007
153.974922
153.989100
154.006818
154.030844
154.058154
154.083256
154.107814
154.135275
154.171709
154.193759
154.217612
154.236235
154.258797
154.282474
154.311334
154.319565
154.321359
154.304905
154.293670
154.292263
154.297889
154.297762
154.295827
154.288389
154.290245
154.308678
154.321203
154.330798
154.344115
154.347105
154.362975
154.370830
154.384163
154.382336
154.374035
154.372338
154.375177
154.376876
154.377807
154.391036
154.393902
154.405363
154.405505
154.399142
154.408668
154.399364
154.405829
154.412545
154.405630
154.401822
154.400621
154.396730
154.389239
154.387169
154.385505
154.384446
154.394091
154.398586
154.394488
154.384539
154.373080
154.364464
154.345586
154.340276
154.328929
154.325149
154.311218
154.299020
154.279710
154.263799
154.230474
154.213843
154.182092
154.155976
154.112100
154.080815
154.016980
153.981099
153.948048
153.891022
153.851517
153.823389
153.793333
153.763734
153.736785
153.703260
153.655661
153.628760
153.588506
153.552194
153.515188
153.486526
153.440785
153.386482
153.347669
153.311116
153.260734
153.210923
153.156282
153.124593
153.087840
153.039252
152.997930
152.938373
152.882012
152.839527
152.820346
152.798943
152.801634
152.823737
152.837191
152.831676
152.837495
152.842858
152.863551
152.878275
152.905111
152.916129
152.929276
152.929641
152.943993
152.958947
152.977096
152.988475
152.989529
152.998514
153.013378
153.018818
153.030921
153.028796
153.028389
153.029330
153.032697
153.036678
153.035516
153.036307
153.048105
153.054911
153.066198
153.071527
153.073877
153.071857
153.066221
153.062877
153.057059
153.058632
153.061243
153.060679
153.055843
153.056263
153.052432
153.052221
153.053812
153.057076
153.059461
153.061629
153.056722
153.049022
153.047381
153.032233
153.014480
152.994177
152.966209
152.952713
152.943935
152.947658
152.951980
152.938379
152.912883
152.904837
152.893264
152.868486
152.845985
152.844702
152.854147
152.869651
152.872312
152.886120
152.891633
152.888394
152.889137
152.892129
152.891501
152.895768
152.894473
152.891859
152.900073
152.907038
152.905973
152.905043
152.909519
152.906747
152.893832
152.880268
152.869023
152.862310
152.859061
152.856403
152.852287
152.831173
152.799287
152.784799
152.755915
152.720607
152.695485
152.679917
152.672351
152.656175
152.649749
152.647844
152.657844
152.662863
152.655028
152.644289
152.616444
152.585419
152.553947
152.522781
152.492238
152.461191
152.429766
152.389717
152.359376
152.329313
152.304155
152.299936
152.290286
152.265103
152.252307
152.224892
152.192121
152.164359
152.154786
152.124830
152.108658
152.104640
152.071588
152.059664
152.030072
151.996473
151.961392
151.926354
151.875479
151.823411
151.782727
151.754584
151.744064
151.715166
151.694693
151.666257
151.625294
151.599323
151.574962
151.532328
151.498243
151.451531
151.408656
151.362519
151.302505
151.260181
151.221322
151.182047
151.152360
151.125328
151.085878
151.049873
151.014452
150.973950
150.933746
150.886513
150.832144
150.790806
150.745480
150.710448
150.695204
150.675937
150.660626
150.668502
150.659493
150.616375
150.581001
150.564166
150.562365
150.585669
150.616538
150.655247
150.694177
150.745676
150.783381
150.813647
150.866293
150.927465
150.966274
151.016344
151.054659
151.084088
151.111756
151.131133
151.166391
151.212277
151.244360
151.279301
151.308959
151.354403
151.384368
151.413296
151.437632
151.476435
151.512078
151.547560
151.579253
151.619733
151.664494
151.693261
151.702004
151.718233
151.735534
151.739596
151.743234
151.744190
151.752112
151.762738
151.764949
151.765813
151.768179
151.771628
151.787124
151.786701
151.789273
151.804397
151.825898
151.855732
151.905929
151.950280
151.988398
152.012167
152.044653
152.062021
152.083798
152.114249
152.138002
152.153215
152.149659
152.167473
152.210398
152.238392
152.258274
152.269499
152.300355
152.322746
152.367377
152.398037
152.417953
152.442242
152.464159
152.463763
152.459152
152.472079
152.464416
152.481401
152.506533
152.520173
152.543487
152.574163
152.583803
152.591853
152.605553
152.615716
152.631145
152.636084
152.621768
152.607035
152.596789
152.605225
152.602407
152.581157
152.582844
152.583407
152.569026
152.569435
152.561879
152.542895
152.513498
152.481625
152.436626
152.377713
152.336054
152.276445
152.229944
152.180075
152.144816
152.095038
152.055578
152.026791
152.000366
152.002224
152.001363
152.008443
151.991894
151.955608
151.919041
151.889115
151.858520
151.844694
151.830500
151.816541
151.801624
151.799437
151.814148
151.820766
151.816398
151.810537
151.808607
151.795216
151.788491
151.775734
151.769561
151.775439
151.774782
151.773030
151.756410
151.735262
151.717613
151.693371
151.688015
151.676323
151.651774
151.625966
151.592239
151.578739
151.559901
151.542627
151.535081
151.529744
151.529517
151.520089
151.519395
151.520152
151.522540
151.516820
151.507646
151.502141
151.510620
151.519880
151.527500
151.534608
151.546665
151.551396
151.563710
151.578841
151.584752
151.585170
151.588262
151.579598
151.561279
151.526507
151.508975
151.462669
151.405600
151.356344
151.328353
151.305352
151.298840
151.293201
151.276411
151.274587
151.261948
151.248125
151.243226
151.232868
151.222158
151.206848
151.195608
151.191674
151.193451
151.192177
151.214366
151.230227
151.256676
151.269695
151.261832
151.277178
151.269858
151.268670
151.267219
151.256594
151.268363
151.283548
151.286862
151.280340
151.266915
151.258582
151.268924
151.307851
151.329667
151.325704
151.334866
151.319359
151.293707
151.253697
151.202497
151.142395
151.085094
151.029043
150.986963
150.947824
150.900704
150.854403
150.788496
150.749857
150.697237
150.641907
150.593826
150.530105
150.496982
150.460998
150.431385
150.417418
150.387975
150.362187
150.341488
150.327133
150.300723
150.268137
150.237815
150.216801
150.198811
150.189635
150.181146
150.168222
150.150331
150.125220
150.100439
150.069197
150.032942
150.007352
149.978886
149.946818
149.914247
149.880199
149.829844
149.780533
149.738655
149.682612
149.628120
149.583675
149.536347
149.510994
149.466050
149.430480
149.382117
149.337371
149.298330
149.239683
149.203539
149.155037
149.110164
149.052612
149.011468
148.979265
148.928566
148.889464
148.838612
148.796254
148.744050
148.717754
148.699294
148.684430
148.684050
148.670182
148.647120
148.612995
148.592273
148.549241
148.525976
148.517360
148.525025
148.545200
148.576898
148.598574
148.604403
148.608167
148.583603
148.553287
148.499626
148.448814
148.409775
148.356003
148.300405
148.251545
148.214254
148.164579
148.132667
148.077177
148.045955
148.027327
148.007214
147.999930
147.982298
147.965210
147.948391
147.930302
147.905216
147.884261
147.849582
147.823330
147.797651
147.777625
147.763818
147.750784
147.748241
147.724998
147.709967
147.670878
147.636875
147.582977
147.547639
147.514299
147.487761
147.464492
147.448258
147.443756
147.434159
147.411434
147.357398
147.308661
147.286092
147.257530
147.229672
147.206098
147.200128
147.176775
147.166251
147.177076
147.179316
147.172640
147.161948
147.155543
147.165958
147.174337
147.183115
147.183252
147.176514
147.176537
147.178066
147.194602
147.196757
147.195832
147.178337
147.170696
147.160850
147.144857
147.121350
147.109803
147.098805
147.088809
147.081500
147.082153
147.091310
147.121514
147.130095
147.146270
147.159406
147.176703
147.199687
147.221843
147.230059
147.240335
147.256426
147.281703
147.295305
147.299792
147.306440
147.308299
147.314178
147.314081
147.322577
147.325949
147.334138
147.338271
147.341929
147.346269
147.347937
147.354982
147.367647
147.383947
147.417569
147.433159
147.439905
147.458248
147.471916
147.486400
147.503152
147.515163
147.529010
147.535019
147.539499
147.542048
147.544491
147.543817
147.536226
147.529687
147.529409
147.527033
147.525791
147.524815
147.523927
147.522741
147.517300
147.512979
147.501469
147.482576
147.453134
147.427296
147.416355
147.406065
147.395554
147.377584
147.350181
147.319266
147.279247
147.257206
147.214919
147.174157
147.146925
147.120278
147.092653
147.066041
147.027327
147.008438
146.989273
146.968372
146.964335
146.962922
146.978121
146.996605
147.020343
147.074259
147.109711
147.152686
147.219284
147.258921
147.312671
147.365075
147.389791
147.419822
147.441767
147.472185
147.516618
147.566922
147.630769
147.680467
147.724245
147.780779
147.821365
147.846975
147.876846
147.892592
147.922322
147.961285
147.987478
148.017573
148.059187
148.106316
148.168837
148.213189
148.263595
148.309549
148.331169
148.375816
148.401874
148.430973
148.447064
148.480659
148.504165
148.511130
148.499946
148.504368
148.498389
148.494971
148.495936
148.511400
148.528659
148.541559
148.547614
148.568665
148.587258
148.594789
148.603109
148.624955
148.643397
148.675976
148.702656
148.721580
148.742471
148.781909
148.823005
148.855598
148.900760
148.946859
148.993883
149.024055
149.070097
149.122552
149.155423
149.210498
149.255626
149.312586
149.358634
149.413129
149.471982
149.503631
149.538772
149.593786
149.639463
149.668120
149.704583
149.740074
149.788228
149.840809
149.883514
149.925155
149.956688
150.014338
150.058129
150.092176
150.124174
150.142630
150.174518
150.198672
150.223949
150.242288
150.266743
150.306269
150.341978
150.395839
150.441855
150.475765
150.519354
150.559683
150.594776
150.638767
150.681631
150.720564
150.769404
150.813658
150.831005
150.841236
150.841847
150.839131
150.836925
150.831306
150.832917
150.840453
150.869900
150.892484
150.924409
150.964769
151.008807
151.060598
151.100583
151.146319
151.200545
151.245921
151.280569
151.326184
151.365959
151.419732
151.460624
151.498470
151.536659
151.550818
151.556812
151.556285
151.560430
151.553427
151.545743
151.553932
151.581412
151.593251
151.602006
151.607000
151.616132
151.605075
151.576880
151.558918
151.535320
151.505985
151.484396
151.457222
151.434149
151.408006
151.380985
151.356938
151.337613
151.316810
151.280033
151.237536
151.190901
151.166516
151.143759
151.106551
151.062229
151.020136
150.985320
150.947936
150.907552
150.876104
150.840775
150.810735
150.779988
150.759777
150.728276
150.689327
150.668246
150.652156
150.634738
150.598230
150.565022
150.534538
150.508778
150.486944
150.496048
150.527241
150.552387
150.563142
150.574007
150.590064
150.613086
150.622847
150.643523
150.662858
150.682167
150.690082
150.707551
150.740852
150.779729
150.793791
150.802584
150.835633
150.870399
150.935389
150.985777
151.034954
151.066399
151.089848
151.102569
151.118896
151.132468
151.144244
151.164851
151.196364
151.240499
151.281215
151.318474
151.344312
151.368858
151.395231
151.410525
151.419461
151.437773
151.441143
151.461476
151.466748
151.455217
151.449976
151.466197
151.476187
151.468306
151.455505
151.426583
151.410500
151.400118
151.397848
151.401595
151.389101
151.383633
151.394994
151.418134
151.447971
151.458464
151.444297
151.414370
151.414140
151.431841
151.472063
151.496890
151.521333
151.541467
151.573866
151.599023
151.619977
151.624010
151.632426
151.639061
151.660489
151.666360
151.677587
151.691488
151.705115
151.715492
151.721101
151.735663
151.752461
151.764848
151.797916
151.834156
151.875888
151.912762
151.936672
151.955963
151.978425
152.020123
152.045502
152.088072
152.124100
152.159341
152.197519
152.232721
152.283540
152.321910
152.357025
152.374193
152.378858
152.368141
152.366634
152.352208
152.325182
152.296934
152.263637
152.231494
152.190739
152.142567
152.112807
152.065544
152.018342
151.968035
151.922076
151.891460
151.857536
151.830310
151.796713
151.791822
151.800690
151.795919
151.800423
151.799845
151.805799
151.821279
151.826069
151.823931
151.830032
151.822756
151.814163
151.806580
151.796652
151.786664
151.783177
151.780249
151.774481
151.764083
151.740934
151.733635
151.724043
151.714148
151.702128
151.699812
151.693820
151.693517
151.701853
151.708248
151.719070
151.715241
151.706942
151.699525
151.690613
151.673966
151.651322
151.624000
151.608030
151.601925
151.599226
151.590965
151.583365
151.566602
151.553843
151.550184
151.549086
151.537073
151.534281
151.517334
151.506339
151.505525
151.503912
151.501124
151.501261
151.499593
151.500186
151.496724
151.487217
151.472923
151.466710
151.456194
151.436043
151.418513
151.405138
151.396217
151.369684
151.353845
151.324194
151.280855
151.249635
151.234040
151.205775
151.179106
151.164289
151.171831
151.192090
151.198730
151.196617
151.181651
151.149616
151.121970
151.090239
151.045234
150.997697
150.958775
150.916207
150.892589
150.871583
150.821027
150.761562
150.706483
150.656171
150.617912
150.600015
150.559807
150.523099
150.469731
150.426892
150.399660
150.368834
150.330948
150.316421
150.313217
150.305885
150.296276
150.293662
150.316641
150.325366
150.323621
150.326962
150.333094
150.332368
150.350315
150.369953
150.399480
150.401543
150.411987
150.407890
150.400026
150.408277
150.439084
150.447260
150.434814
150.435102
150.452905
150.457671
150.447227
150.452443
150.447305
150.460494
150.477613
150.485167
150.476957
150.486363
150.502098
150.512421
150.517172
150.528153
150.546578
150.565098
150.582799
150.609166
150.640506
150.678621
150.704362
150.749217
150.786206
150.841356
150.902753
150.953977
151.010747
151.067811
151.093484
151.123485
151.156410
151.199863
151.258757
151.311252
151.350125
151.409849
151.466218
151.520799
151.556722
151.608777
151.652413
151.691393
151.713460
151.741679
151.784969
151.806947
151.838740
151.874981
151.900685
151.923818
151.962924
152.008774
152.051575
152.092243
152.127535
152.175043
152.215073
152.264662
152.307383
152.353371
152.394430
152.458400
152.524422
152.593616
152.657900
152.702340
152.744887
152.808654
152.847079
152.878998
152.901193
152.937197
152.973947
153.025672
153.092934
153.137590
153.191792
153.256681
153.296097
153.341792
153.377314
153.410427
153.446856
153.481186
153.518873
153.566891
153.607834
153.673948
153.733983
153.797694
153.858347
153.889546
153.907134
153.919031
153.934512
153.956263
153.981191
154.001970
154.029627
154.062249
154.088804
154.124304
154.159510
154.200514
154.244773
154.273621
154.300436
154.328720
154.351637
154.370626
154.382456
154.387577
154.378401
154.373419
154.370436
154.360112
154.344819
154.325474
154.304182
154.293053
154.295563
154.289063
154.273268
154.270423
154.274413
154.276981
154.271014
154.254432
154.227609
154.192291
154.148070
154.086502
154.037952
153.983826
153.942638
153.885814
153.838642
153.788784
153.757111
153.724392
153.683154
153.623193
153.562651
153.515845
153.464265
153.424448
153.362370
153.311342
153.260661
153.241127
153.221866
153.212566
153.187457
153.161140
153.150560
153.118792
153.083581
153.040876
153.001569
152.949877
152.912022
152.874919
152.843764
152.797950
152.753794
152.708086
152.666302
152.622588
152.577000
152.543619
152.501913
152.439394
152.373159
152.330250
152.283070
152.249209
152.204590
152.173133
152.133973
152.090109
152.044192
151.992044
151.953967
151.917911
151.882386
151.845017
151.809771
151.777176
151.741667
151.697668
151.666180
151.626561
151.595293
151.558093
151.504570
151.453444
151.399251
151.345716
151.302297
151.267250
151.222757
151.157594
151.109173
151.066077
151.011059
150.956403
150.915281
150.873300
150.837617
150.793665
150.755727
150.725095
150.688997
150.661655
150.635817
150.617253
150.591857
150.581480
150.572117
150.553271
150.544102
150.536618
150.532057
150.530081
150.528645
150.532328
150.537154
150.543745
150.548333
150.552849
150.552507
150.549690
150.548856
150.541996
150.524674
150.499129
150.485750
150.463665
150.451884
150.438734
150.419122
150.391389
150.370026
150.354371
150.351339
150.356504
150.357978
150.363566
150.370116
150.376819
150.378226
150.378007
150.372680
150.374110
150.370136
150.363977
150.361956
150.357805
150.356866
150.348558
150.336322
150.321555
150.304776
150.299028
150.293105
150.269082
150.243285
150.210617
150.171085
150.141945
150.106473
150.096051
150.062701
150.033707
150.014871
150.018249
150.032698
150.066655
150.119075
150.143893
150.201957
150.222988
150.249988
150.258650
150.272329
150.282104
150.305061
150.348838
150.398951
150.451160
150.505842
150.556111
150.596457
150.625700
150.659928
150.688177
150.702723
150.713260
150.726148
150.744451
150.751640
150.757462
150.757296
150.755857
150.751662
150.748221
150.744471
150.744363
150.746479
150.758095
150.764508
150.776815
150.799205
150.832402
150.848388
150.870856
150.894060
150.910852
150.945207
150.981938
151.024187
151.040140
151.056946
151.071646
151.081812
151.103177
151.121598
151.149054
151.171128
151.205363
151.246287
151.267826
151.285025
151.305995
151.321791
151.329178
151.335742
151.345505
151.354887
151.369416
151.383377
151.398384
151.416906
151.429843
151.433264
151.429144
151.424818
151.416879
151.408221
151.416957
151.418791
151.414423
151.411468
151.411256
151.405935
151.400115
151.396022
151.394813
151.385280
151.383817
151.392248
151.390148
151.397523
151.417118
151.448098
151.460353
151.490040
151.510403
151.540606
151.562297
151.586921
151.619206
151.654959
151.691027
151.730010
151.764852
151.809062
151.840582
151.856410
151.867621
151.874611
151.873338
151.874168
151.880462
151.876775
151.864399
151.845836
151.829439
151.806643
151.783093
151.753333
151.719970
151.695194
151.661754
151.636773
151.615169
151.590885
151.562549
151.548912
151.537252
151.536830
151.542960
151.562893
151.587362
151.626932
151.685107
151.722577
151.764865
151.801802
151.825713
151.859696
151.890343
151.917619
151.940087
151.938830
151.944383
151.939937
151.927762
151.931402
151.936204
151.934438
151.934545
151.938951
151.939549
151.946179
151.961207
151.960492
151.964199
151.965656
151.976971
151.995459
152.016571
152.041005
152.054319
152.057649
152.055824
152.059834
152.054702
152.034090
152.018187
152.012401
151.995650
151.979963
151.979749
151.986785
151.989290
151.988980
151.981272
151.958473
151.934020
151.907875
151.880241
151.838199
151.814856
151.788218
151.764911
151.753793
151.737702
151.721269
151.694038
151.671628
151.647287
151.617726
151.585039
151.559859
151.542457
151.525040
151.501128
151.471826
151.455253
151.432134
151.418372
151.396538
151.379467
151.334712
151.279740
151.233332
151.197902
151.178076
151.153429
151.124188
151.104079
151.083744
151.040392
151.011835
150.987084
150.965447
150.926224
150.894567
150.859963
150.812805
150.782828
150.744867
150.720370
150.679435
150.628886
150.572108
150.525799
150.485125
150.429659
150.390824
150.351943
150.304441
150.275228
150.249598
150.232490
150.192661
150.186336
150.181580
150.177990
150.165515
150.166824
150.186748
150.237387
150.284225
150.323646
150.365429
150.398890
150.427944
150.440223
150.446175
150.446914
150.442090
150.436402
150.431365
150.428599
150.428242
150.417723
150.402423
150.383865
150.357125
150.335859
150.305276
150.271506
150.236512
150.212973
150.179638
150.149274
150.109838
150.084551
150.047153
150.010970
149.986677
149.965784
149.958431
149.956846
149.956559
149.959394
149.959187
149.968530
149.974663
149.999749
150.006275
150.012295
150.018594
150.035102
150.058505
150.066206
150.072040
150.060211
150.050854
150.048584
150.048638
150.052412
150.045616
150.039556
150.033350
150.039163
150.055101
150.071888
150.104253
150.137700
150.167420
150.185978
150.219875
150.251722
150.294353
150.324688
150.341744
150.346113
150.370007
150.410870
150.441944
150.473197
150.514850
150.562839
150.600260
150.622527
150.657667
150.676096
150.699836
150.715238
150.732556
150.775462
150.807742
150.829151
150.863619
150.878133
150.874751
150.872250
150.858974
150.832306
150.803450
150.768818
150.735795
150.711064
150.689949
150.689845
