151.80872
151.7853
151.75804
151.72748
151.69376
151.66104
151.6288
151.59938
151.57452
151.55296
151.53128
151.51236
151.498
151.49171
151.49533
151.51135
151.53876
151.57817
151.63246
151.69128
151.74767
151.79604
151.83101
151.85713
151.87929
151.90073
151.92177
151.93419
151.93771
151.93199
151.91747
151.90303
151.89519
151.8936
151.89633
151.90227
151.90842
151.91507
151.92535
151.93472
151.9418
151.94576
151.95055
151.96109
151.97945
152.0052
152.03152
152.05002
152.05612
152.0534
152.04428
152.0269
152.00436
151.98402
151.96614
151.95018
151.94061
151.94087
151.94841
151.95796
151.9628
151.95505
151.93333
151.90123
151.86418
151.82225
151.78331
151.7504
151.72437
151.70763
151.69696
151.68808
151.67397
151.65355
151.62794
151.59789
151.56418
151.53105
151.50374
151.48357
151.46661
151.44716
151.42679
151.40489
151.3848
151.36536
151.34714
151.3206
151.27863
151.22476
151.1694
151.12518
151.09486
151.07368
151.0583
151.0448
151.02237
150.99199
150.9586
150.92761
150.89568
150.86311
150.82932
150.79008
150.75012
150.71028
150.6755
150.6419
150.6032
150.55489
150.50081
150.44742
150.39397
150.34511
150.30249
150.26225
150.227
150.19823
150.17755
150.15616
150.13914
150.12932
150.12653
150.12538
150.12613
150.13452
150.16191
150.20848
150.26543
150.32413
150.3757
150.41531
150.43828
150.4448
150.43863
150.42438
150.40721
150.39148
150.38022
150.37471
150.37074
150.3635
150.35008
150.32822
150.30115
150.2698
150.2351
150.19829
150.16447
150.13295
150.10333
150.07182
150.04108
150.0089
149.97461
149.9423
149.9152
149.89807
149.8926
149.89655
149.90637
149.91693
149.92772
149.93745
149.9517
149.96677
149.9794
149.98836
149.99722
150.01067
150.02518
150.03725
150.03967
150.03159
150.01828
150.00584
149.99907
149.99582
149.9936
149.99051
149.98953
149.99551
150.00974
150.0354
150.07133
150.11221
150.14929
150.18301
150.2144
150.2483
150.2831
150.31271
150.33054
150.34233
150.35974
150.38539
150.41806
150.45798
150.50514
150.55383
150.59476
150.62871
150.65323
150.67157
150.68513
150.69688
150.71783
150.7487
150.78276
150.81877
150.84885
150.86375
150.8629
150.84775
150.81956
150.7826
150.74051
150.69777
150.66022
150.63123
