151.8155293815593
151.78967605466931
151.76190228880571
151.73138840065167
151.69759711132673
151.65927269795984
151.6176287003694
151.57265090952723
151.52429181399512
151.4724990179814
151.45445799243282
151.42262088852357
151.37823499251417
151.3256016436734
151.26801822461812
151.3283777325666
151.35209526489865
151.34325325304167
151.31543863622187
151.2790732926241
151.44062994375858
151.54456854133144
151.59742568236706
151.62134746948016
151.63345800186536
151.7617362207881
151.85665608171522
151.9215669190231
151.96906370415365
152.00876372906743
152.01116327871213
152.0213848984052
152.0383198399114
152.05736793033677
152.07495915133498
152.03162161519074
152.00023431583182
151.97926845062565
151.96217898593727
151.9440194038093
151.93071486901943
151.9107365312762
151.88428997745703
151.8526642328429
151.81688856391727
151.8717398532605
151.89700084128557
151.89507773811917
151.87694479791915
151.85102664233779
151.9070794826319
151.93716709993862
151.94320948919938
151.93477865109722
151.91917402986036
151.92539225584565
151.92213039579937
151.90980450782982
151.89100374330232
151.86764676506195
151.88872053007637
151.89320569864802
151.8824601210385
151.86191120200485
151.83566623877388
151.807004408645
151.77501633381067
151.73977350344418
151.7011555848376
151.65906933124307
151.6462203734213
151.6207369252978
151.5836229435244
151.5387153097592
151.48898282284085
151.48893220317774
151.47122020543944
151.43738984128683
151.3934417609602
151.34397391719293
151.35566395114856
151.34686101411924
151.31956103054117
151.28090847742826
151.23636228581898
151.25410891806362
151.25129997079264
151.2301400635445
151.19777766962235
151.159682820868
151.13401243521665
151.1019590876588
151.063983239516
151.02156973423973
150.97582287974387
150.97072983118264
150.95080522132747
150.9176857526192
150.8762082670785
150.8300990823624
150.81954976695548
150.79610265019218
150.76120616488913
150.71897693294792
150.67256847057442
150.65203309452082
150.62141841107268
150.58180896871394
150.5362683671437
150.48714864456838
150.4505890369126
150.40785427438837
150.3595013953061
150.30715045090167
150.25204450913037
150.21484571721967
150.1700517556804
150.1184736492028
150.06233089240183
150.0033321209238
150.01214682480463
149.99921017063664
149.9678117704744
149.92546598009838
149.87798540214067
149.94578067218208
149.9786890036113
149.98230808750824
149.96897202643697
149.94822240487937
150.09822001153736
150.19785726984148
150.25528572168247
150.28852641116296
150.3116258507664
150.38269674585018
150.43919095408415
150.48333796080618
150.51984805887918
150.55222999021518
150.52956392597315
150.51999325738655
150.5211772690682
150.52714550496282
150.53324561840083
150.4482130209709
150.3852499306128
150.34046706987684
150.30440078192038
150.269834656524
150.18653045417034
150.11319122093704
150.04757193036156
149.98510637800806
149.92237063210186
149.8816171409534
149.83156894718877
149.7731709511862
149.70940349661984
149.64259486597712
149.69226119210768
149.70635454998117
149.6904586436653
149.65727789852272
149.61664762629107
149.72000143354526
149.7805409965235
149.80564457515757
149.81036552479165
149.8063488101199
149.89839045476333
149.9615509174044
150.00086685452348
150.02613894335184
150.04489530466608
150.06276626590787
150.07885976652275
150.09347019981467
150.10625965733067
150.11688889852147
150.09557668825184
150.08018165018157
150.0694001059693
150.0599968374967
150.0494874849817
150.08162053630735
150.0979871166838
150.10062377948734
150.0945132312942
150.08354830181113
150.16232626262092
150.21276920095144
150.2388942755066
150.2505483428595
150.25533190102428
150.32934561906703
150.38157090237792
150.41489284973866
150.4368220426566
150.45309604233339
150.53299229806916
150.59254677576118
150.63433219758585
150.66530188472402
150.69080176203644
150.7301572180153
150.76304756614314
150.79011132462668
150.812838665303
150.83233478415016
150.86754075984965
150.89503167724476
150.91558681272826
150.9311270493059
150.94313634236488
150.89644281136225
150.86302717322152
150.84061198713445
150.82294084035235
150.80518799165785
