167.32577820397472
167.29156956488322
167.2493485265939
167.20179288962507
167.15097138614175
167.12521199527382
167.092654141443
167.0539551984236
167.01079745501184
166.96451456087755
166.96244792894814
166.9481474240627
166.92238173248765
166.88772364295625
166.84640255566464
166.84245936313675
166.8254632057296
166.7969409547975
166.75976258242534
166.71637906367576
166.71770011193144
166.70490022545408
166.67961548785448
166.64492169431614
166.60344623970053
166.604670677114
166.5918697405188
166.5668296803783
166.53264099352597
166.49189222046277
166.4846212044673
166.4652738331933
166.43604905341934
166.39949130069672
166.35774281544005
166.35752754128072
166.3436365823569
166.31880969614002
166.28566797678445
166.24646392707908
166.25902648692224
166.2540258257191
166.2353778329334
166.20623916282318
166.16937372557044
166.19200376524446
166.1941838099017
166.18022144296407
166.15390758987115
166.11855537244068
166.14760688276934
166.15407665884504
166.1429548606925
166.11844300983068
166.0841839650824
166.11668616266715
166.1257035246477
166.11637952825484
166.09312151810633
166.05974142199872
166.09473869959578
166.1059014523445
166.09813478072368
166.07599304585003
166.043401588248
166.08273900292036
166.0969702000277
166.09138357306406
166.07071830388796
166.03907090223333
166.0737174404684
166.084025397287
166.07564230648802
166.0531277797775
166.02039140591214
166.04759680905997
166.05235489303968
166.04036359730708
166.0157393838353
165.9820043478943
166.00039296157095
165.99878628126
165.98270897697185
165.95572514869045
165.92087803794598
165.92770170373726
165.91774868675208
165.89618766704962
165.86590856895398
165.82936866823482
165.83750183098542
165.8289801246302
165.8088514656756
165.77984931088588
165.74434692660282
165.77411881777678
165.78164816276347
165.77273791280362
165.75103617730926
165.71981197314832
165.77331862797485
165.79778322353337
165.79999897219753
165.78499908882378
165.7572623260437
165.83082203133964
165.86948106988072
165.88088744997071
165.87136708153986
165.84648033860552
165.92211717700934
165.96187463882183
165.97347844106767
165.96369974364566
165.93838140227484
166.0164723660948
166.0584508271607
166.0715920019394
166.06283926965713
166.03817200135347
166.1288202744274
166.18009542882203
166.19953731070254
166.19469626741264
166.17209563103842
166.2723020767858
166.32953770009874
166.35237776334284
166.34903208787176
166.32655536540386
166.41525882021904
166.46277140235603
166.47814302744877
166.46929998503134
166.44296302934575
166.51877943790197
166.55659313157355
166.56537736739133
166.55234750510476
166.52359107789204
166.58353810549448
166.60993386777972
166.6110438423475
166.593193939128
166.56169355397248
166.60771601887987
166.62412621052658
166.61865404640864
166.59676644005475
166.5630555568243
166.59821245233462
166.60659449301576
166.59589274200331
166.57085898256992
166.5354826124289
166.57567062256
166.5879769536477
166.58028484039426
166.5573691686649
166.52331594701528
166.56428734506272
166.57708198095082
166.5694140204079
166.5462127166233
166.5116995433552
166.56119054752216
166.5805263674998
166.57727730287098
166.55682940808987
166.52381790334772
166.58894201195216
166.6199876960785
166.62447800000643
166.60870102942346
166.57806804161226
166.6522525670291
166.68965671473907
166.69782558149657
166.68379600701653
166.6535841164633
166.73255822939538
166.77337000952957
166.78337553240726
166.77009994254374
166.7399111545832
166.81959829753563
166.8605612946403
166.87032003982316
166.85656034563064
166.82575933896337
166.89963512973225
166.93615507821224
166.9426049020488
166.92648349281095
166.89406740488994
166.9750682452731
167.0169028401935
167.0269776708493
167.0130741105113
166.98172389220832
167.05588531503247
167.0916775318422
167.09699742887184
167.0794793628931
167.04546604572175
167.11542279667327
167.1480121540396
167.1511184026408
167.13213227190732
167.0971906505563
167.1759557900362
167.21515878962373
167.2227343397958
167.20645541288042
167.17280543648528
167.2645689347162
167.3129289619584
167.32602813202308
167.31249841363976
167.27953941479015
