150.000000
150.004052
149.989024
149.976177
149.987719
149.992512
150.018997
150.021376
150.023380
150.002083
149.988183
149.980512
149.974034
149.973629
149.957478
149.939567
149.916347
149.910341
149.898795
149.887164
149.881809
149.865081
149.857387
149.865603
149.886237
149.904996
149.920276
149.952526
149.993771
150.018386
150.058723
150.100924
150.138245
150.191679
150.257480
150.317325
150.365034
150.410496
150.450629
150.488232
150.534917
150.576338
150.635022
150.671897
150.729239
150.774553
150.809733
150.852322
150.888591
150.921343
150.969590
151.019443
151.056464
151.088703
151.126737
151.174160
151.211381
151.245867
151.291241
151.329061
151.363300
151.416348
151.472831
151.496370
151.507470
151.530261
151.527539
151.506523
151.487638
151.468882
151.462780
151.454524
151.466670
151.464446
151.466064
151.444438
151.445892
151.452482
151.439656
151.430786
151.405791
151.403074
151.431111
151.466583
151.500028
151.532263
151.561604
151.596174
151.636032
151.672084
151.710438
151.749578
151.787418
151.819472
151.856269
151.878624
151.901589
151.922809
151.939761
151.949149
151.961796
151.965092
151.969023
151.971594
151.973036
151.965497
151.951362
151.934966
151.909636
151.877329
151.841574
151.805371
151.765728
151.718441
151.674287
151.664874
151.662550
151.664711
151.677675
151.692410
151.681832
151.661814
151.659884
151.670787
151.678540
151.677049
151.687271
151.686502
151.681623
151.673532
151.678149
151.688896
151.695277
151.696435
151.688525
151.689907
151.685495
151.676720
151.674759
151.664942
151.645446
151.610496
151.562737
151.534102
151.502144
151.481307
151.464091
151.458198
151.457576
151.464122
151.479463
151.489854
151.497593
151.505075
151.505506
151.521063
151.533745
151.554579
151.585157
151.603234
151.623129
151.659710
151.676936
151.694859
151.708293
151.713182
151.738541
151.750574
151.767433
151.790000
151.817424
151.848320
151.872490
151.906048
151.942774
151.998866
152.041638
152.095848
152.134800
152.159685
152.190514
152.232195
152.255405
152.284348
152.307206
152.340506
152.369382
152.399228
152.442183
152.466983
152.485884
152.515030
152.523032
152.504974
152.472096
152.458890
152.426639
152.372243
152.328904
152.289617
152.247642
152.194401
152.133239
152.084148
152.052368
152.021808
151.979831
151.950923
151.902672
151.872741
151.847044
151.830958
151.808988
151.784656
151.760098
151.731355
151.707681
151.678627
151.642994
151.605084
151.561817
151.534317
151.505099
151.485981
151.457712
151.439688
151.430347
151.431081
151.433435
151.423263
151.423775
151.418768
151.406529
151.403605
151.399226
151.402046
151.409017
151.425453
151.444636
151.460291
151.495968
151.536296
151.593763
151.626509
151.665098
151.715545
151.751315
151.796145
151.835298
151.870949
151.923766
151.953296
151.969367
151.988475
151.998437
152.006301
152.027308
152.047205
152.081530
152.113062
152.134907
152.145860
152.157841
152.176882
152.202590
152.241180
152.267690
152.291449
152.333596
152.368501
152.409115
152.445079
152.485958
152.516151
152.545158
152.575551
152.587309
152.592872
152.596341
152.600021
152.602989
152.604042
152.604679
152.605953
152.605148
152.603241
152.595444
152.579814
152.553364
152.539462
152.527815
152.526194
152.518066
152.498908
152.486764
152.481760
152.481272
152.484541
152.490433
152.506572
152.533051
152.549871
152.546208
152.524737
152.513112
152.506250
152.521828
152.545398
152.569587
152.595129
152.649767
152.672847
152.700391
152.745926
152.779439
152.804242
152.842002
152.874728
152.897184
152.927246
152.953666
152.975337
153.005156
153.018863
153.038711
153.068597
153.097322
153.126326
153.147891
153.170711
153.196187
153.234805
153.272822
153.335708
153.400344
153.440766
153.488262
153.523935
153.564682
153.593037
153.618858
153.657929
153.682686
153.705811
153.733250
153.761094
153.786684
153.808377
153.820996
153.841512
153.853394
153.869460
153.899337
153.919464
153.952662
153.965547
153.985071
153.994731
154.003298
154.010980
154.025002
154.041883
154.065145
154.077256
154.089450
154.105841
154.116526
154.124977
154.136089
154.140129
154.150929
154.149315
154.146078
154.146794
154.148111
154.157036
154.165433
154.162201
154.162051
154.159407
154.155859
154.145357
154.129312
154.101716
154.066991
154.034014
154.010264
153.969152
153.941071
153.893550
153.853936
153.815506
153.765415
153.729346
153.688571
153.644574
153.602568
153.559427
153.508556
153.456351
153.403676
153.377183
153.350887
153.321193
153.265760
153.239207
153.217828
153.195798
153.165147
153.153186
153.131465
153.112341
153.092195
153.079416
153.080081
153.081202
153.077793
153.079735
153.090143
153.100709
153.112586
153.120095
153.143282
153.160092
153.168671
153.185066
153.200322
153.223309
153.247034
153.265569
153.289996
153.321093
153.357334
153.384408
153.425548
153.471339
153.501926
153.546909
153.587053
153.617088
153.654508
153.695290
153.710980
153.713721
153.711705
153.705429
153.693091
153.688872
153.698153
153.723855
153.762259
153.801828
153.829475
153.849856
153.868727
153.892528
153.912795
153.949606
153.983218
154.010436
154.061786
154.100870
154.143661
154.184552
154.230798
154.257971
154.291423
154.318797
154.339254
154.346553
154.372158
154.419033
154.451586
154.475307
154.485268
154.484681
154.477091
154.481911
154.474882
154.474637
154.481616
154.509724
154.511803
154.537671
154.562783
154.560361
154.567438
154.592048
154.609951
154.624020
154.640274
154.645483
154.631136
154.583238
154.540593
154.519209
154.487002
154.453399
154.402984
154.346003
154.290576
154.243960
154.181563
154.143881
154.100758
154.048813
153.993942
153.932195
153.874327
153.821709
153.786353
153.770671
153.746755
153.716225
153.692285
153.659554
153.644364
153.647685
153.658602
153.660675
153.668293
153.685766
153.707262
153.724767
153.741134
153.738661
153.749077
153.756689
153.783948
153.800452
153.829061
153.842579
153.846284
153.839264
153.842922
153.831183
153.825295
153.830788
153.824816
153.812424
153.805040
153.793864
153.766957
153.746016
153.734067
153.720084
153.688968
153.677331
153.674898
153.681895
153.690992
153.709951
153.747323
153.772906
153.804232
153.843123
153.862843
153.878222
153.911316
153.936070
153.971324
154.027937
154.064461
154.093840
154.128154
154.153052
154.213890
154.257716
154.308119
154.352869
154.403682
154.452860
154.517827
154.586051
154.626913
154.664910
154.704686
154.753361
154.816261
154.850185
154.908742
154.954256
155.008354
155.046353
155.089990
155.146481
155.174403
155.229126
155.276989
155.326838
155.365572
155.404470
155.426959
155.464540
155.512289
155.547117
155.583630
155.617935
155.649404
155.689370
155.732156
155.780331
155.824132
155.873881
155.923805
155.959152
155.997570
156.034160
156.058337
156.087463
156.101712
156.111830
156.137078
156.143479
156.139725
156.138752
156.139520
156.125264
156.108715
156.076277
156.017196
155.978086
155.921874
155.875450
155.832357
155.800312
155.779720
155.760220
155.730727
155.704249
155.674044
155.628769
155.595750
155.576340
155.549721
155.522252
155.497468
155.483883
155.481104
155.469906
155.463414
155.460139
155.458612
155.462175
155.461087
155.460353
155.460148
155.469494
155.474676
155.474882
155.475263
155.472965
155.463889
155.467104
155.456840
155.443419
155.418130
155.395748
155.390442
155.389027
155.390792
155.391117
155.392059
155.393151
155.390330
155.390424
155.388828
155.385778
155.387731
155.392121
155.401131
155.405860
155.420475
155.423321
155.433778
155.445128
155.447521
155.447939
155.449522
155.446694
155.435443
155.424842
155.411599
155.404201
155.394340
155.390629
155.389344
155.378697
155.371537
155.369113
155.358044
155.355034
155.343422
155.337597
155.336610
155.342630
155.346112
155.360698
155.379720
155.416164
155.447618
155.489224
155.539771
155.588159
155.616821
155.659982
155.693521
155.741206
155.771003
155.801067
155.830494
155.878737
155.920290
155.968323
156.006504
156.058066
156.107107
156.152508
156.194563
156.236699
156.297427
156.340449
156.377928
156.437398
156.473967
156.510455
156.549878
156.557947
156.582487
156.578424
156.582396
156.605482
156.616565
156.614614
156.616617
156.616730
156.643005
156.673711
156.704537
156.718947
156.752487
156.777670
156.820693
156.877167
156.920643
156.955533
156.993000
157.039269
157.072833
157.112669
157.129095
157.162458
157.175954
157.183814
157.187011
157.207557
157.222791
157.233709
157.244208
157.251433
157.276910
157.298209
157.320984
157.326963
157.350960
157.383339
157.397370
157.398573
157.401571
157.428273
157.455599
157.465008
157.491839
157.523989
157.550802
157.604353
157.638370
157.672806
157.691509
157.690760
157.669667
157.651500
157.651013
157.677668
157.707918
157.740086
157.782612
157.802776
157.809328
157.816470
157.823737
157.839339
157.866122
157.903035
157.944147
157.974920
158.000441
158.039327
158.088532
158.127478
158.165700
158.226637
158.269106
158.303185
158.347529
158.391762
158.448384
158.498303
158.549532
158.591491
158.627058
158.634430
158.625413
158.605815
158.600208
158.606031
158.597603
158.566987
158.549779
158.539512
158.516846
158.483386
158.462699
158.448847
158.437112
158.427826
158.398414
158.379087
158.366997
158.363350
158.351872
158.341351
158.333899
158.339914
158.350105
158.372785
158.401302
158.432245
158.466190
158.501590
158.514042
158.540245
158.558248
158.602979
158.648701
158.685307
158.729749
158.787431
158.839122
158.877681
158.913453
158.945531
158.986098
159.020028
159.055781
159.086156
159.123125
159.159949
159.208910
159.259775
159.292424
159.321896
159.358289
159.385007
159.424953
159.449153
159.474662
159.502221
159.511255
159.512627
159.509606
159.505186
159.505436
159.506004
159.503711
159.501733
159.499992
159.501626
159.493501
159.485203
159.474321
159.448764
159.421163
159.403997
159.387961
159.365715
159.341674
159.314659
159.297065
159.286975
159.272796
159.262261
159.253041
159.248546
159.242102
159.239839
159.238033
159.234100
159.217248
159.206716
159.199002
159.199722
159.197941
159.197486
159.195613
159.191119
159.185836
159.169146
159.167528
159.155013
159.147562
159.135607
159.133651
159.129195
159.128423
159.130578
159.130393
159.132057
159.139920
159.149997
159.155449
159.161636
159.176671
159.188571
159.197378
159.201330
159.207291
159.219922
159.219319
159.224631
159.224565
159.227317
159.239462
159.259261
159.277599
159.293062
159.327471
159.345627
159.367448
159.389357
159.407831
159.425464
159.433483
159.438464
159.457599
159.462651
159.466153
159.460804
159.460745
159.466541
159.473385
159.482979
159.500522
159.519805
159.542674
159.564676
159.594177
159.647381
159.694514
159.752993
159.811900
159.851300
159.886181
159.915177
159.932908
159.958551
159.962467
159.977676
159.976470
159.948277
159.910330
159.859189
159.819570
159.792380
159.779054
159.773661
159.770939
159.775038
159.769128
159.776383
159.795437
159.825555
159.855482
159.892581
159.931526
159.954170
159.981524
160.014803
160.034230
160.042918
160.047284
160.059819
160.047080
160.015801
159.978993
159.936697
159.894070
159.854039
159.819081
159.796540
159.766234
159.732158
159.683411
159.637345
159.600864
159.577795
159.551300
159.523932
159.512142
159.503409
159.499987
159.497757
159.492651
159.492695
159.490075
159.489228
159.493799
159.503491
159.496940
159.490877
159.491561
159.500757
159.500426
159.499000
159.486301
159.485953
159.471047
159.457018
159.442262
159.436673
159.441530
159.424098
159.415023
159.411382
159.385001
159.360437
159.340642
159.316085
159.295033
159.289128
159.263325
159.237001
159.219343
159.204497
159.170649
159.137659
159.126459
159.121237
159.104814
159.084383
159.077636
159.083153
159.106883
159.138519
159.162130
159.192696
159.232230
159.278880
159.326700
159.358320
159.391022
159.408988
159.419884
159.427878
159.431995
159.415990
159.374714
159.359643
159.366025
159.372382
159.390270
159.402064
159.412623
159.416375
159.417125
159.413983
159.408158
159.395893
159.381270
159.360923
159.337371
159.315152
159.307411
159.288278
159.282416
159.266415
159.273117
159.300867
159.334655
159.359766
159.377601
159.378096
159.390910
159.425629
159.454381
159.502853
159.541627
159.581543
159.636103
159.687493
159.740928
159.786638
159.834433
159.874319
159.904923
159.947510
159.991847
160.039163
160.076510
160.114649
160.156562
160.179114
160.212557
160.238620
160.251985
160.256063
160.257657
160.261131
160.264559
160.274784
160.282185
160.294598
160.306049
160.313223
160.308666
160.301989
160.283049
160.259537
160.231816
160.223131
160.210678
160.210251
160.209026
160.225681
160.258004
160.275529
160.301985
160.335663
160.363934
160.413457
160.471562
160.510818
160.577353
160.614153
160.654497
160.704265
160.744274
160.805252
160.860493
160.901543
160.935254
160.983198
161.029512
161.085843
161.145112
161.195953
161.228918
161.267849
161.328728
161.390122
161.437886
161.472814
161.524326
161.571146
161.612511
161.653957
161.672521
161.673192
161.666519
161.653854
161.628521
161.600742
161.562227
161.532200
161.508208
161.489130
161.462744
161.447301
161.434471
161.421865
161.406336
161.377751
161.366271
161.354181
161.331273
161.298405
161.267739
161.233648
161.201767
161.158595
161.114114
161.057610
161.021959
160.968360
160.918156
160.874200
160.839009
160.778978
160.734226
160.690071
160.646015
160.586478
160.538321
160.473389
160.432727
160.375089
160.310340
160.252526
160.195553
160.154946
160.116039
160.065575
160.024634
160.000211
159.968540
159.950508
159.940921
159.932044
159.928528
159.925159
159.926551
159.928953
159.931942
159.939401
159.948645
159.962310
159.984127
159.990901
159.996596
160.017684
160.042950
160.065655
160.081542
160.112141
160.122491
160.139676
160.166598
160.191181
160.204777
160.231100
160.262212
160.276217
160.292127
160.332634
160.351070
160.384129
160.393763
160.420029
160.447296
160.490777
160.537393
160.571739
160.605947
160.631027
160.648204
160.677012
160.704787
160.714393
160.751286
160.777635
160.791206
160.809452
160.833667
160.840889
160.841984
160.825610
160.792108
160.754561
160.732390
160.699335
160.676890
160.659998
160.652927
160.631987
160.615237
160.612911
160.612875
160.610358
160.613601
160.615765
160.616142
160.616259
160.620725
160.621899
160.626195
160.628480
160.637971
160.654190
160.670988
160.680773
160.688927
160.691503
160.690524
160.693196
160.690593
160.683977
160.684878
160.685675
160.684605
160.677896
160.674982
160.668163
160.653289
160.631128
160.609618
160.597570
160.594915
160.594894
160.591976
160.584474
160.577241
160.576151
160.576083
160.579503
160.584722
160.586764
160.594990
160.606865
160.612898
160.624039
160.639069
160.657171
160.663883
160.666677
160.678941
160.699277
160.716082
160.736875
160.767922
160.790328
160.807577
160.821111
160.831398
160.844753
160.868724
160.901031
160.935311
160.957965
160.990594
161.012047
161.045630
161.091749
161.133831
161.199242
161.239426
161.300792
161.356926
161.392984
161.413999
161.435455
161.477483
161.509806
161.551723
161.599161
161.629640
161.662916
161.695568
161.720768
161.744208
161.778084
161.826564
161.858632
161.888188
161.902632
161.917366
161.929600
161.947243
161.975562
162.021217
162.056773
162.103191
162.146121
162.182996
162.220447
162.272371
162.315825
162.361426
162.405939
162.442590
162.495898
162.532588
162.584925
162.639854
162.695133
162.749377
162.790527
162.835571
162.889767
162.931377
162.991021
163.042189
163.094922
163.138776
163.170713
163.217000
163.245842
163.276864
163.309710
163.331224
163.351338
163.387065
163.418360
163.453159
163.494370
163.525725
163.550039
163.583425
163.618164
163.646674
163.669792
163.708909
163.760706
163.796673
163.828981
163.868574
163.890797
163.890354
163.893446
163.891543
163.859646
163.822952
163.801691
163.785659
163.781946
163.761350
163.764931
163.774264
163.758997
163.771412
163.800108
163.851054
163.890646
163.929248
163.971730
164.019726
164.069453
164.108707
164.163888
164.197550
164.235124
164.295958
164.346868
164.390217
164.406274
164.423067
164.445580
164.470643
164.512106
164.549394
164.564908
164.563461
164.579965
164.570073
164.563663
164.569444
164.568142
164.577433
164.584260
164.579484
164.582437
164.606239
164.630686
164.685402
164.718187
164.743679
164.762871
164.756639
164.763039
164.754452
164.756967
164.742393
164.747880
164.758053
164.787972
164.837073
164.856929
164.875593
164.889288
164.910917
164.907944
164.878549
164.873397
164.886167
164.912327
164.939729
164.971441
164.997301
165.012808
165.026064
165.046080
165.059558
165.087510
165.116408
165.137136
165.145362
165.150474
165.141670
165.142980
165.155707
165.163137
165.172108
165.192769
165.211755
165.241114
165.269487
165.294661
165.347873
165.384727
165.408336
165.435158
165.466568
165.502058
165.530077
165.568226
165.596115
165.625710
165.640067
165.659358
165.684632
165.704839
165.722499
165.734006
165.751545
165.759568
165.766240
165.747542
165.745303
165.729683
165.716082
165.702453
165.675788
165.628372
165.603650
165.587924
165.589184
165.568286
165.564843
165.544928
165.521274
165.485698
165.448348
165.411592
165.385880
165.344864
165.312507
165.285680
165.252476
165.219656
165.199132
165.178819
165.158447
165.130479
165.103590
165.099329
165.105745
165.108318
165.110565
165.088475
165.086208
165.081532
165.094432
165.115042
165.129229
165.145235
165.156340
165.156585
165.160082
165.186664
165.224343
165.253849
165.296147
165.310425
165.307678
165.318190
165.332980
165.355488
165.397613
165.433391
165.454441
165.470591
165.493307
165.527137
165.553176
165.570967
165.569589
165.549204
165.538208
165.553882
165.575980
165.567249
165.583712
165.601565
165.614694
165.600845
165.608580
165.637301
165.668672
165.684512
165.689196
165.685120
165.659023
165.619229
165.592638
165.568699
165.559101
165.539744
165.527943
165.526167
165.512828
165.513695
165.519610
165.517360
165.512794
165.503575
165.497731
165.494206
165.493493
165.493155
165.495580
165.501984
165.508125
165.517773
165.539225
165.558539
165.570382
165.587772
165.613356
165.633390
165.651776
165.680953
165.695188
165.725116
165.740746
165.745277
165.739490
165.729284
165.725717
165.729504
165.734297
165.750394
165.774508
165.792481
165.801936
165.818228
165.836523
165.851272
165.873317
165.880992
165.901832
165.921790
165.954828
165.980847
165.995973
166.019197
166.042084
166.076105
166.120713
166.167320
166.191240
166.212723
166.226889
166.259934
166.312367
166.367345
166.412596
166.451963
166.500413
166.543346
166.604032
166.648960
166.694406
166.737806
166.772812
166.809811
166.851407
166.901893
166.953040
166.995756
167.023869
167.053153
167.073067
167.085242
167.090515
167.114531
167.148834
167.193035
167.242202
167.264196
167.290179
167.316247
167.343473
167.368738
167.388104
167.398488
167.398658
167.404218
167.407172
167.412704
167.416795
167.416287
167.415631
167.399409
167.393497
167.375815
167.362220
167.341390
167.328851
167.307888
167.298645
167.279198
167.264957
167.259622
167.242050
167.229594
167.218125
167.198093
167.190627
167.191242
167.197154
167.211331
167.228443
167.247148
167.255911
167.266493
167.267480
167.274624
167.283768
167.294874
167.313266
167.331355
167.349372
167.386585
167.413085
167.424086
167.425400
167.425769
167.425015
167.424302
167.423262
167.421510
167.420440
167.423534
167.425217
167.427140
167.429363
167.429143
167.442121
167.449215
167.456811
167.475441
167.490942
167.515820
167.545741
167.566049
167.595707
167.628158
167.649447
167.674634
167.701663
167.713807
167.719281
167.720423
167.728705
167.738155
167.733447
167.733987
167.730813
167.722346
167.713659
167.695797
167.686360
167.669261
167.643965
167.612229
167.587680
167.568087
167.533797
167.509288
167.486281
167.476863
167.461958
167.442365
167.434706
167.428136
167.430472
167.443955
167.444549
167.454589
167.456181
167.442847
167.430150
167.408233
167.369784
167.329852
167.277740
167.257349
167.248965
167.240760
167.228549
167.212484
167.184404
167.154315
167.127535
167.106150
167.079346
167.029551
166.994215
166.949081
166.912646
166.870429
166.832660
166.813987
166.805158
166.807774
166.796720
166.793778
166.790493
166.786098
166.785082
166.785409
166.783972
166.778721
166.778353
166.789386
166.794369
166.794466
166.793757
166.792668
166.794075
166.796293
166.791877
166.792016
166.790677
166.787706
166.788304
166.789848
166.787090
166.782754
166.780058
166.783377
166.785985
166.790438
166.803531
166.803090
166.801604
166.798750
166.793954
166.775150
166.757677
166.743629
166.719095
166.698907
166.684218
166.666239
166.654789
166.643428
166.622553
166.592836
166.570360
166.530473
166.484107
166.452523
166.429803
166.400741
166.357613
166.325619
166.292127
166.273777
166.268615
166.281594
166.296088
166.308857
166.342657
166.363768
166.392824
166.414459
166.456467
166.515057
166.555094
166.575237
166.624688
166.674890
166.719070
166.756423
166.795239
166.813851
166.836698
166.852997
166.874995
166.901140
166.937166
166.956095
166.964489
166.986223
167.029293
167.063182
167.096941
167.160525
167.210253
167.253962
167.305417
167.358138
167.406451
167.445986
167.480117
167.509229
167.530646
167.530015
167.533408
167.536214
167.541546
167.551821
167.559087
167.560635
167.554404
167.550693
167.545140
167.531667
167.512017
167.493567
167.470133
167.456295
167.426913
167.415845
167.406583
167.376134
167.346288
167.323051
167.307503
167.305580
167.315278
167.320492
167.325912
167.324880
167.331562
167.327751
167.322371
167.317442
167.314801
167.322156
167.323338
167.338830
167.354294
167.379815
167.402906
167.437126
167.472532
167.510614
167.542578
167.569855
167.595518
167.631149
167.648998
167.691680
167.714104
167.737834
167.756890
167.776715
167.811112
167.850340
167.878719
167.906650
167.937374
167.949623
167.953701
167.945646
167.944109
167.949138
167.969956
167.993863
168.025492
168.061565
168.100195
168.135966
168.149585
168.154053
168.166187
168.181105
168.180232
168.168193
168.165608
168.171974
168.174933
168.185124
168.210847
168.232059
168.251125
168.286668
168.322821
168.363097
168.398586
168.438226
168.480240
168.520254
168.578844
168.638539
168.676046
168.727103
168.768337
168.806940
