167.55646
167.53644
167.51837
167.50294
167.49034
167.48135
167.47708
167.47658
167.47954
167.48457
167.48889
167.49063
167.48793
167.4784
167.46092
167.43451
167.4026
167.36961
167.3389
167.31224
167.28996
167.27057
167.2523
167.23409
167.21562
167.19624
167.17326
167.1465
167.11539
167.08084
167.04341
167.00423
166.96619
166.93234
166.90553
166.88556
166.87222
166.8645
166.86087
166.86006
166.86098
166.86243
166.86322
166.86299
166.86285
166.86302
166.86327
166.86333
166.86298
166.86238
166.86182
166.86076
166.85944
166.85791
166.8561
166.85434
166.8529
166.85162
166.85013
166.84837
166.84692
166.84613
166.8464
166.84875
166.85234
166.85616
166.85938
166.8613
166.86006
166.85492
166.84613
166.83325
166.81688
166.79846
166.77899
166.75989
166.74219
166.72537
166.70808
166.69008
166.66945
166.6444
166.61568
166.58522
166.55396
166.52121
166.4877
166.45393
166.4218
166.39394
166.3736
166.3624
166.36018
166.36794
166.38377
166.40619
166.43253
166.46255
166.49748
166.53569
166.5736
166.61172
166.6506
166.69003
166.72905
166.76729
166.8025
166.83391
166.86075
166.88374
166.90422
166.92451
166.9447
166.96367
166.9821
167.00266
167.02617
167.05276
167.08519
167.12334
167.16576
167.21164
167.26007
167.30972
167.35852
167.40465
167.44658
167.4831
167.51186
167.5324
167.54529
167.55235
167.55592
167.55788
167.55913
167.55962
167.55952
167.55891
167.55702
167.55283
167.54593
167.5359
167.52356
167.50832
167.49178
167.47557
167.45854
167.44005
167.4204
167.4006
167.38277
167.36934
167.36115
167.35805
167.3587
167.36241
167.36725
167.37157
167.37422
167.37488
167.37459
167.37366
167.37383
167.37622
167.38239
167.39276
167.40828
167.4291
167.45494
167.48444
167.5157
167.54704
167.57823
167.60747
167.6361
167.66336
167.68887
167.71217
167.73334
167.75409
167.77623
167.79991
167.82489
167.8512
167.87682
167.89972
167.91748
167.92966
167.93718
167.94284
167.94922
167.95872
167.97318
167.99347
168.01927
168.04753
168.07487
168.09966
168.12129
168.13834
168.14919
168.15433
168.15569
168.15471
168.15353
168.155
168.16049
168.17026
168.18541
168.20628
168.23271
168.26343
168.29741
168.33379
168.37141
168.41098
168.45296
168.4954
168.5381
168.58002
