295.01096
294.96036
294.91202
294.86777
294.8292
294.7963
294.76706
294.7392
294.7122
294.6838
294.6513
294.6152
294.5771
294.5354
294.4907
294.4436
294.3962
294.351
294.30875
294.27002
294.23407
294.19894
294.1663
294.136
294.10757
294.0799
294.05173
294.02386
293.99603
293.96823
293.93707
293.90048
293.85754
293.8082
293.75305
293.69165
293.62485
293.55594
293.48563
293.4138
293.34192
293.26913
293.19687
293.12787
293.06522
293.00735
292.95346
292.90265
292.8535
292.80392
292.7553
292.7068
292.65826
292.60846
292.5577
292.5065
292.456
292.40698
292.35767
292.308
292.25934
292.2101
292.15958
292.1086
292.05637
292.0036
291.95126
291.89963
291.84988
291.80124
291.7544
291.71085
291.66818
291.6254
291.58368
291.54242
291.5005
291.45978
291.4198
291.38165
291.34494
291.30963
291.27676
291.24564
291.2166
291.18924
291.1645
291.14352
291.12555
291.10883
291.09143
291.07224
291.05045
291.02417
290.99414
290.95947
290.92038
290.87885
290.83795
290.80023
290.76746
290.74115
290.7232
290.712
290.70575
290.70126
290.69626
290.6886
290.67834
290.6648
290.64886
290.63208
290.61588
290.6008
290.58795
290.57742
290.5691
290.56308
290.55753
290.55078
290.54138
290.52884
290.51468
290.49997
290.48578
290.47205
290.45612
290.43637
290.41272
290.38318
290.34732
290.30353
290.2535
290.1969
290.13315
290.06537
289.99603
289.92688
289.85757
289.78934
289.72433
289.66412
289.60938
289.55902
289.513
289.47266
289.43542
289.40094
289.36862
289.33752
289.30563
289.2712
289.23358
289.19174
289.1447
289.09534
289.04333
288.98712
288.92874
288.86853
288.80606
288.7416
288.67612
288.6113
288.54782
288.48788
288.43118
288.3782
288.32996
288.2879
288.2514
288.2177
288.18408
288.1511
288.11755
288.08386
288.04736
288.00848
287.96808
287.92645
287.88385
287.8386
287.7901
287.7397
287.6891
287.63666
287.58377
287.53235
287.48337
287.43823
287.39697
287.3576
287.32074
287.2876
287.25797
287.23175
287.20795
287.18353
287.15607
287.1239
287.08792
287.0478
287.00333
286.9529
286.8999
286.84613
286.79297
286.74158
286.69345
286.64853
286.60883
286.57523
286.54913
286.53052
286.51953
286.51636
286.51978
286.52924
286.54504
286.56757
