300.000000
300.017650
300.044808
300.072341
300.102440
300.113559
300.134230
300.151546
300.180253
300.195018
300.207317
300.224296
300.246380
300.280816
300.315818
300.365429
300.411200
300.457208
300.504840
300.540100
300.565689
300.592868
300.631125
300.669488
300.701034
300.738868
300.771734
300.806733
300.830970
300.863798
300.885115
300.910906
300.922619
300.936614
300.934537
300.932981
300.936685
300.948397
300.962675
300.983119
301.004463
301.035650
301.062462
301.096388
301.127196
301.140043
301.160007
301.200262
301.251922
301.292520
301.335089
301.374906
301.397223
301.428825
301.477883
301.527559
301.588820
301.630080
301.673864
301.700451
301.722568
301.740437
301.761646
301.789087
301.811672
301.835078
301.855053
301.882805
301.903260
301.927363
301.954859
301.980962
301.999544
302.020896
302.030655
302.045574
302.070545
302.086217
302.105607
302.125271
302.153318
302.173588
302.200824
302.236455
302.265533
302.280702
302.303157
302.314219
302.327601
302.352592
302.384674
302.415698
302.459786
302.496648
302.540938
302.585193
302.624109
302.664262
302.720718
302.789279
302.852864
302.892287
302.935468
302.991478
303.041615
303.093745
303.159707
303.201146
303.246389
303.279668
303.311627
303.336239
303.356418
303.379440
303.389552
303.395169
303.403714
303.418141
303.421712
303.414641
303.395274
303.370854
303.333727
303.298746
303.265297
303.218366
303.165170
303.101834
303.052278
303.009081
302.966916
302.915591
302.877900
302.835203
302.769980
302.727972
302.684841
302.626677
302.574089
302.534138
302.497245
302.450643
302.397528
302.345982
302.301430
302.237440
302.172358
302.130837
302.085376
302.041595
301.984181
301.943154
301.903099
301.846395
301.811073
301.772403
301.744458
301.704517
301.676396
301.644658
301.609173
301.578915
301.549151
301.505660
301.459303
301.427812
301.393306
301.369210
301.336028
301.290380
301.262442
301.217881
301.185279
301.154771
301.134916
301.114874
301.099401
301.071620
301.036629
300.996786
300.974254
300.942667
300.926384
300.912659
300.910481
300.901444
300.884793
300.869736
300.864606
300.860171
300.866827
300.879251
300.896523
300.917992
300.933131
300.935587
300.932579
300.913066
300.894658
300.877028
300.871688
300.868463
300.861761
300.865716
300.879884
300.882603
300.886864
300.894650
300.892166
300.873179
300.845108
300.809608
300.779390
300.729228
300.699039
300.667842
300.643270
300.601808
300.562421
300.515103
300.470520
300.422125
300.378080
300.334078
300.289603
300.239806
300.182358
300.118337
300.082880
300.036313
299.978564
299.944180
299.899224
299.864083
299.818364
299.764461
299.723643
299.659609
299.612260
299.578512
299.552428
299.522900
299.496722
299.476501
299.450783
299.404730
299.379898
299.352272
299.314138
299.276345
299.232057
299.190447
299.143013
299.104715
299.046583
298.994827
298.932256
298.879631
298.822395
298.762399
298.700510
298.640338
298.585220
298.543691
298.507105
298.451866
298.421069
298.390352
298.348633
298.297948
298.253508
298.210938
298.168991
298.137003
298.084378
298.023462
297.976041
297.907225
297.854473
297.788959
297.729740
297.688715
297.644450
297.593042
297.530603
297.483766
297.424434
297.370946
297.312101
297.265668
297.206601
297.165448
297.103850
297.044564
297.002537
296.959701
296.899500
296.865688
296.812749
296.777651
296.731081
296.704921
296.676209
296.650592
296.635744
296.598280
296.565311
296.522720
296.483938
296.460101
296.438587
296.433478
296.429808
296.439829
296.434795
296.437214
296.434075
296.422447
296.411763
296.414512
296.421309
296.429811
296.440203
296.443206
296.452633
296.465851
296.465717
296.477229
296.483757
296.493037
296.515845
296.538429
296.544408
296.557805
296.569771
296.581303
296.599556
296.623882
296.665690
296.700827
296.752295
296.803603
296.857795
296.914936
296.953067
296.996770
297.060041
297.111201
297.161908
297.211646
297.256800
297.315535
297.373758
297.409385
297.465812
297.512237
297.574122
297.619841
297.662667
297.708123
297.769108
297.815208
297.856497
297.898356
297.947688
297.986160
298.040701
298.099341
298.145601
298.198367
298.257071
298.319859
298.381501
298.450686
298.514541
298.571524
298.630015
298.682843
298.740507
298.789532
298.857855
298.901290
298.938750
299.001106
299.045197
299.098947
299.132402
299.173078
299.210554
299.240681
299.269589
299.308725
299.345952
299.379130
299.411299
299.429821
299.447437
299.471346
299.505644
299.551750
299.591408
299.620919
299.651857
299.677332
299.718614
299.750733
299.785459
299.842065
299.895034
299.933166
299.981921
300.037633
300.101993
300.162793
300.210689
300.255408
300.297321
300.340926
300.405105
300.472875
300.530964
300.579645
300.634836
300.691531
300.736031
300.795208
300.846050
300.897076
300.945041
300.997671
301.033925
301.060934
301.079383
301.105160
301.160235
301.199821
301.239289
301.285419
301.340260
301.372544
301.408636
301.449894
301.468890
301.499449
301.529285
301.555899
301.585366
301.629803
301.667495
301.697283
301.737969
301.791530
301.824052
301.873933
301.910282
301.948370
301.997861
302.041407
302.076489
302.113155
302.154378
302.169969
302.195991
302.206705
302.223439
302.238494
302.257279
302.284430
302.303705
302.313452
302.331053
302.363030
302.397549
302.432900
302.468911
302.503717
302.554940
302.586916
302.627929
302.672117
302.710232
302.750733
302.779767
302.799569
302.822239
302.848597
302.884639
302.935018
302.990479
303.037651
303.074865
303.106391
303.126011
303.143666
303.149415
303.145636
303.141913
303.148545
303.160793
303.155900
303.148365
303.148255
303.153065
303.162281
303.173805
303.185257
303.208088
303.237387
303.256772
303.265509
303.281340
303.289573
303.292499
303.282814
303.269040
303.249562
303.236591
303.203296
303.177639
303.133122
303.114308
303.089178
303.056053
303.024844
302.979957
302.932826
302.908203
302.879384
302.845321
302.809516
302.783646
302.754196
302.719499
302.663489
302.616230
302.566142
302.519266
302.480098
302.433800
302.381959
302.333944
302.287354
302.229604
302.183018
302.118490
302.070321
302.012639
301.955736
301.902581
301.837579
301.791169
301.753173
301.698046
301.663069
301.632466
301.586927
301.546948
301.522069
301.494897
301.465025
301.418421
301.386663
301.361220
301.337185
301.320069
301.307346
301.292221
301.294314
301.286744
301.286016
301.267431
301.262164
301.270102
301.270524
301.272912
301.272097
301.262310
301.263650
301.266364
301.261515
301.239540
301.216622
301.183906
301.161092
301.146336
301.123387
301.094821
301.061701
301.040893
301.006617
300.986607
300.956257
300.921688
300.879451
300.833695
300.810647
300.785008
300.751309
300.724049
300.687886
300.650849
300.620827
300.595948
300.554715
300.514722
300.477894
300.439512
300.384379
300.344962
300.296786
300.266161
300.245003
300.233942
300.233281
300.227307
300.211035
300.191312
300.156191
300.130947
300.101474
300.076446
300.062614
300.035269
300.021086
299.998990
299.973215
299.936637
299.899554
299.866349
299.839130
299.818778
299.772466
299.728699
299.690701
299.642993
299.598575
299.545948
299.491398
299.440581
299.377034
299.320193
299.262612
299.193695
299.153360
299.108421
299.040461
298.974688
298.929020
298.891949
298.826881
298.768070
298.727521
298.675910
298.644300
298.586185
298.534350
298.480841
298.419663
298.370258
298.300807
298.256059
298.200545
298.151422
298.108660
298.066518
298.002778
297.948749
297.878929
297.822528
297.779672
297.724552
297.657963
297.605219
297.560285
297.518062
297.461314
297.417198
297.355350
297.287015
297.221315
297.159829
297.099545
297.064300
297.012747
296.972885
296.928156
296.887712
296.835501
296.786726
296.725532
296.659435
296.601343
296.541973
296.493726
296.425045
296.379045
296.315629
296.264043
296.230213
296.183082
296.132124
296.088150
296.053794
296.021213
295.984987
295.935839
295.878427
295.830102
295.799491
295.751055
295.713426
295.677602
295.644183
295.614626
295.583784
295.545983
295.519554
295.496980
295.482438
295.459452
295.436629
295.429711
295.414870
295.396417
295.389761
295.367755
295.341171
295.307673
295.274999
295.248554
295.223759
295.208164
295.199018
295.192303
295.184637
295.173170
295.156985
295.148364
295.141515
295.141067
295.143889
295.143228
295.136612
295.111426
295.105605
295.094470
295.079110
295.042982
295.015489
294.974653
294.948754
294.903883
294.858140
294.819746
294.771746
294.714481
294.655906
294.611569
294.579243
294.550658
294.512439
294.474867
294.426244
294.397477
294.369627
294.325368
294.292744
294.269910
294.245697
294.218278
294.204190
294.203624
294.194776
294.182463
294.157579
294.135917
294.122672
294.094034
294.080516
294.058875
294.031904
294.003570
293.980763
293.955966
293.944557
293.944824
293.959581
293.975122
294.005268
294.028443
294.069159
294.095195
294.135055
294.169792
294.193160
294.221751
294.265162
294.309753
294.343693
294.368168
294.386838
294.396461
294.399167
294.399579
294.403415
294.414299
294.416772
294.424522
294.434325
294.435457
294.449904
294.476409
294.490334
294.515746
294.549427
294.591467
294.616663
294.649788
294.673021
294.714226
294.755311
294.795174
294.840448
294.881554
294.919598
294.974836
295.022535
295.062360
295.109889
295.149654
295.201756
295.238369
295.268723
295.313706
295.363649
295.409522
295.444411
295.475024
295.507290
295.547432
295.565334
295.580303
295.594968
295.608277
295.610417
295.622198
295.625637
295.633307
295.639079
295.645043
295.669500
295.689745
295.718780
295.755911
295.782834
295.793996
295.807529
295.829041
295.869718
295.905662
295.940081
295.977215
296.014578
296.049633
296.097276
296.133129
296.174342
296.234177
296.289354
296.343319
296.388896
296.451141
296.506198
296.549416
296.610747
296.668672
296.710630
296.753411
296.805468
296.851146
296.908023
296.957030
297.006781
297.068786
297.105187
297.162230
297.199872
297.233597
297.274388
297.331261
297.377561
297.431362
297.499100
297.544030
297.588640
297.641384
297.702682
297.753728
297.807659
297.861071
297.924850
297.981540
298.033599
298.085649
298.141740
298.184842
298.246399
298.312233
298.375816
298.435836
298.492726
298.543100
298.595754
298.645633
298.705339
298.769503
298.807314
298.872885
298.937930
298.989908
299.029507
299.093459
299.143178
299.208167
299.256700
299.320794
299.379675
299.442653
299.496578
299.557069
299.621835
299.691105
299.732064
299.793972
299.840268
299.889063
299.946608
299.978679
300.027429
300.087306
300.152837
300.190417
300.241344
300.297088
300.357318
300.405363
300.441500
300.475488
300.519984
300.576091
300.622243
300.652154
300.690680
300.750988
300.803903
300.835227
300.861064
300.898745
300.915579
300.931762
300.946543
300.946101
300.952307
300.977815
300.992284
301.005763
301.015095
301.024955
301.035124
301.036021
301.026106
301.010394
300.999231
300.991916
300.988058
300.986838
300.967058
300.941842
300.918132
300.894614
300.882884
300.860054
300.844555
300.828852
300.813440
300.792924
300.762535
300.725330
300.702568
300.671577
300.642034
300.622955
300.595518
300.575423
300.545709
300.523592
300.504073
300.468495
300.428038
300.387596
300.330704
300.278098
300.229678
300.189394
300.147978
300.110593
300.068880
300.023348
299.979539
299.930392
299.888000
299.837380
299.782212
299.739491
299.674098
299.610571
299.568190
299.525615
299.465612
299.414412
299.375579
299.326016
299.273498
299.242503
299.192305
299.143759
299.103938
299.077013
299.038205
299.008016
298.988037
298.958357
298.931524
298.904391
298.872309
298.850355
298.840233
298.820028
298.791537
298.766825
298.749901
298.734068
298.719052
298.709684
298.684127
298.672938
298.656324
298.626091
298.592831
298.560751
298.530191
298.501462
298.450573
298.391142
298.355011
298.312377
298.279590
298.238446
298.204395
298.169136
298.138568
298.105387
298.067640
298.046814
298.008724
297.985598
297.941250
297.893028
297.861059
297.841308
297.796572
297.744356
297.694533
297.634774
297.582567
297.514673
297.471135
297.429442
297.384455
297.340419
297.294104
297.267096
297.223747
297.182696
297.153843
297.112146
297.079273
297.048361
297.021389
297.005533
296.989296
296.960451
296.934154
296.910494
296.887835
296.853405
296.834120
296.807235
296.781165
296.753397
296.709488
296.672831
296.631068
296.597688
296.564115
296.534395
296.518454
296.489914
296.467636
296.435486
296.398847
296.367403
296.332147
296.292392
296.260823
296.212881
296.169648
296.127261
296.090039
296.052913
296.012701
295.978856
295.930545
295.891707
295.850954
295.819622
295.781506
295.740382
295.707351
295.690410
295.666234
295.644176
295.617500
295.595332
295.552319
295.516322
295.483972
295.464156
295.452294
295.433278
295.421004
295.415330
295.419134
295.409806
295.412929
295.427704
295.442441
295.447685
295.459621
295.457230
295.465514
295.471889
295.485510
295.506597
295.528515
295.560126
295.576588
295.584499
295.581695
295.578766
295.583320
295.584157
295.599986
295.605757
295.615658
295.619348
295.612266
295.586287
295.570420
295.540811
295.506710
295.455683
295.405561
295.351925
295.309519
295.270420
295.225565
295.185309
295.143221
295.102601
295.048096
294.990999
294.956837
294.896821
294.860264
294.813436
294.774593
294.752116
294.733371
294.698908
294.662906
294.634663
294.613040
294.591201
294.558713
294.535350
294.511092
294.488694
294.483711
294.481070
294.475081
294.471741
294.473185
294.465553
294.454941
294.444467
294.439233
294.442079
294.449320
294.460249
294.472742
294.495692
294.528074
294.559150
294.611423
294.660281
294.701470
294.766388
294.827871
294.876672
294.924982
294.991577
295.049998
295.105520
295.160834
295.211219
295.270162
295.312405
295.361529
295.400409
295.437215
295.474430
295.508418
295.556273
295.611866
295.652866
295.683620
295.710170
295.736500
295.761809
295.799665
295.844735
295.873006
295.903952
295.916724
295.940977
295.964619
296.006527
296.033764
296.083822
296.122709
296.161528
296.200067
296.247851
296.277662
296.303965
296.331140
296.346448
296.364990
296.386817
296.413220
296.443228
296.476017
296.521094
296.560784
296.590651
296.623218
296.662311
296.695701
296.726860
296.764444
296.807103
296.851037
296.904702
296.967692
297.020184
297.079416
297.135896
297.203028
297.263481
297.309280
297.353879
297.415204
297.457056
297.520130
297.576430
297.615298
297.671516
297.727525
297.765156
297.811527
297.865508
297.922605
297.966431
298.027670
298.074559
298.123235
298.182981
298.223589
298.272709
298.326834
298.368825
298.412689
298.471597
298.524371
298.580643
298.642028
298.683211
298.723468
298.765495
298.815698
298.861899
298.926404
298.987161
299.047196
299.097112
299.160916
299.220129
299.268410
299.315514
299.378590
299.432518
299.492610
299.540202
299.597809
299.641418
299.693652
299.749670
299.800335
299.831023
299.865931
299.907901
299.969625
300.026456
300.064199
300.098964
300.122612
300.144076
300.179697
300.216549
300.249686
300.276772
300.298989
300.318812
300.343069
300.370347
300.404162
300.445057
300.470468
300.485046
300.495462
300.500780
300.496217
300.477308
300.463345
300.453520
300.437006
300.417782
300.400010
300.369705
300.340538
300.313310
300.290223
300.275737
300.237425
300.212803
300.186787
300.150768
300.116256
300.092452
300.068920
300.060524
300.040307
300.020771
299.989255
299.958796
299.920141
299.898589
299.879781
299.836538
299.813915
299.778451
299.745923
299.729565
299.722010
299.709076
299.686763
299.669891
299.661617
299.643751
299.620992
299.598021
299.565406
299.539681
299.501170
299.469771
299.428657
299.394899
299.349291
299.314208
299.264950
299.226537
299.184341
299.135090
299.105610
299.069703
299.037734
298.984853
298.958075
298.929199
298.903859
298.877867
298.869926
298.851439
298.822853
298.797387
298.764800
298.739120
298.710866
298.692824
298.682945
298.664635
298.648089
298.626023
298.602471
298.563950
298.540340
298.512791
298.500214
298.481068
298.467642
298.450238
298.416727
298.402579
298.392942
298.393512
298.384264
298.370317
298.351320
298.323447
298.302348
298.270767
298.246040
298.236571
298.230274
298.219092
298.198544
298.185089
298.185419
298.170718
298.160178
298.153652
298.150615
298.157399
298.157202
298.150813
298.135870
298.136505
298.137273
298.146119
298.154428
298.164241
298.169879
298.174888
298.184779
298.193325
298.207047
298.207931
298.222831
298.236304
298.243078
298.262224
298.284502
298.309543
298.340533
298.353509
298.370360
298.383404
298.396354
298.398799
298.389403
298.363143
298.338447
298.321193
298.289541
298.251011
298.215840
298.168306
298.129368
298.068963
298.031889
297.993968
297.937857
297.905131
297.869632
297.840994
297.806399
297.774808
297.729869
297.686866
297.653420
297.600230
297.540937
297.485840
297.436530
297.398262
297.352987
297.315110
297.279371
297.244112
297.201460
297.170198
297.135112
297.089091
297.035377
296.985654
296.937881
296.872325
296.808438
296.768143
296.732149
296.708848
296.677491
296.654647
296.639122
296.606042
296.594319
296.577223
296.574938
296.582681
296.591362
296.594476
296.601661
296.616441
296.642093
296.662628
296.688251
296.710942
296.734568
296.754083
296.784924
296.811836
296.848934
296.890214
296.920411
296.939322
296.958430
296.984504
297.013917
297.053959
297.075445
297.093355
297.124814
297.155028
297.190493
297.232366
297.278454
297.310722
297.329702
297.339431
297.357635
297.371016
297.382093
297.394066
297.387707
297.391809
297.400684
297.419364
297.427405
297.440234
297.445207
297.438313
297.443028
297.436262
297.433639
297.428977
297.411099
297.387551
297.367057
297.344330
297.324675
297.291738
297.271926
297.241393
297.207491
297.166898
297.134398
297.117590
297.091506
297.071056
297.043567
297.012245
296.987926
296.967849
296.957014
296.954512
296.959497
296.958271
296.967238
296.980511
296.985399
297.008615
297.040205
297.080135
297.124462
297.178142
297.229028
297.283986
297.329454
297.371208
297.417279
297.467634
297.523664
297.586441
297.637810
297.686214
297.748476
297.793559
297.860224
297.903893
297.957123
297.997065
298.050245
298.113226
298.164565
298.226901
298.276297
298.325944
298.368944
298.426190
298.465269
298.505272
298.560029
298.597808
298.645438
298.712747
298.762900
298.812848
298.851031
298.898477
298.944113
298.996635
299.051954
299.092082
299.132377
299.181192
299.242065
299.285800
299.351281
299.389808
299.434007
299.485516
299.528411
299.578996
299.615415
299.651525
299.697122
299.737793
299.765548
299.783179
299.793734
299.812839
299.832114
299.844181
299.865113
299.891382
299.907998
299.913288
299.910997
299.894823
299.887657
299.881068
299.882812
299.875414
299.866342
299.850946
299.835068
299.815438
299.793649
299.754699
299.719954
299.678688
299.649054
299.636190
299.621144
299.585623
299.558831
299.532768
299.495635
299.441901
299.405450
299.361600
299.298833
299.251708
299.181599
299.126987
299.071771
299.013410
298.971638
298.930225
298.887618
298.821588
298.752131
298.687160
298.637255
298.584731
298.536093
298.475875
298.410341
298.365089
298.314260
298.286718
298.237023
298.199717
298.152734
298.089022
298.033181
297.986077
297.950931
297.914549
297.885565
297.844263
297.793602
297.749361
297.701852
297.647302
297.600373
297.559767
297.509050
297.473016
297.427264
297.370297
297.318876
297.282769
297.243576
297.199989
297.140388
297.092457
297.046873
297.002142
296.935134
296.873899
296.831908
296.778467
296.727565
296.670488
296.601474
296.538771
296.476289
296.430669
296.383397
296.332969
296.289545
296.245661
296.194332
296.148220
296.105105
296.060519
296.011958
295.973455
295.931298
295.883846
295.852277
295.823141
295.788154
295.752175
295.700581
295.653676
295.608739
295.550568
295.508553
295.450814
295.390189
295.339832
295.285172
295.248414
295.206063
295.170953
295.111439
295.064734
295.009808
294.974265
294.946113
294.921520
294.891188
294.851544
294.807141
294.772604
294.723578
294.667215
294.626632
294.591599
294.539225
294.495440
294.450960
294.417649
294.389755
294.358160
294.329025
294.289791
294.246147
294.221988
294.190912
294.160233
294.123347
294.087129
294.060318
294.030033
293.996297
293.941478
293.884215
293.831956
293.778298
293.725066
293.659162
293.596710
293.551643
293.493848
293.425191
293.367879
293.298160
293.241119
293.194281
293.160453
293.100063
293.047410
292.993929
292.935454
292.870203
292.825175
292.767642
292.717471
292.655413
292.602937
292.551685
292.506830
292.464766
292.403362
292.352316
292.307951
292.247858
292.190977
292.143789
292.084519
292.033687
291.987125
291.940562
291.897779
291.843645
291.803439
291.768403
291.712543
291.663445
291.629430
291.579423
291.529031
291.499010
291.453881
291.421040
291.384778
291.346463
291.321458
291.283418
291.257752
291.225869
291.208184
291.194913
291.169155
291.141095
291.108852
291.075335
291.043243
291.000203
290.967535
290.924429
290.883511
290.854086
290.835647
290.817950
290.805381
290.798158
290.796852
290.782606
290.769346
290.741218
290.716542
290.690126
290.670743
290.647410
290.631170
290.620646
290.614975
290.602472
290.600585
290.591792
290.586987
290.584013
290.565607
290.545994
290.523758
290.504001
290.496616
290.486355
290.480991
290.466537
290.433997
290.403178
290.377420
290.332728
290.291078
290.235216
290.195135
290.134757
290.068505
290.021257
289.973699
289.922356
289.859697
289.805505
289.762337
289.720176
289.677422
289.624315
289.582465
289.551620
289.498527
289.460040
289.418372
289.376291
289.324928
289.272046
289.223774
289.167393
289.108057
289.070976
289.012197
288.943896
288.898005
288.837228
288.773223
288.708516
288.652493
288.597790
288.540061
288.500438
288.445683
288.398042
288.357098
288.328106
288.290532
288.238700
288.183120
288.147012
288.100838
288.065448
288.003192
287.962558
287.922132
287.879361
287.834636
287.776089
287.721091
287.675828
287.635015
287.575056
287.528167
287.489222
287.451941
287.417237
287.379340
287.327942
287.296136
287.270569
287.239252
287.213841
287.180435
287.133192
287.084275
287.035280
286.996867
286.946266
286.894907
286.831334
286.795960
286.755131
286.710143
286.672359
286.637881
286.597093
286.574317
286.549323
286.536699
286.522708
286.515819
286.512958
286.509642
286.514912
286.530055
286.553277
286.583332
