295.00293771838915
294.95393416522217
294.9043321190917
294.8543891663983
294.8043597866889
294.76792147890114
294.7278535188843
294.6857048143361
294.6426720687423
294.5995178734202
294.5669893995603
294.53190539746385
294.49563796661937
294.4589143931907
294.4222628422753
294.390513341324
294.35811676751786
294.32585463573656
294.2940630510422
294.26295949318074
294.237020655626
294.210751644275
294.18487889796774
294.1598161931042
294.1356589948196
294.1107072893589
294.08726353761784
294.06525373999455
294.04443951609204
294.0250660248967
293.9939449556791
293.9679552787032
293.9455274680615
293.9256275064161
293.9076605725394
293.8516386372822
293.8091012936034
293.7746790513056
293.7452546065483
293.71902315988075
293.63974303676974
293.5784691068662
293.52835499478823
293.4849031064112
293.4455375777299
293.355019400573
293.282075563985
293.22053500956173
293.16593460100825
293.1157543976828
293.0232950019615
292.9463924691131
292.87990297948176
292.8200977439671
292.76488952188964
292.68030289297513
292.60800076285864
292.5447147216424
292.48769887570165
292.43543651563874
292.3684742193907
292.30984280962224
292.25864129881404
292.2131530091786
292.1724351518946
292.11774040797076
292.07048968506865
292.0318867477047
291.999894629738
291.973350238189
291.9297994953819
291.89438475460673
291.8691209515884
291.85138703172527
291.83966741538455
291.7970764078724
291.76693823413035
291.7496974566524
291.74148011154676
291.7400181957474
291.6924517035516
291.66226212550606
291.6475740518525
291.6432425331702
291.64625674596215
291.5922076626869
291.55924790107093
291.5434148106765
291.53873419463565
291.54172637701174
291.4846952792447
291.4501696634572
291.43285658102474
291.42667055323534
291.4280742861416
291.3585349961235
291.31435102008186
291.28942897095015
291.2767614818462
291.2722791395479
291.2032753580993
291.1578316941779
291.13081449601225
291.11564966156476
291.108536661663
291.05349507991036
291.01682347566776
290.996071953718
290.98590350460495
290.98324064870144
290.93599162044666
290.90551790652506
290.89086880976106
290.88683272460395
290.89037736202323
290.85847223595493
290.8404361039772
290.8368406271368
290.84308201340696
290.8564646437018
290.8288995095526
290.8164353781333
290.8192490576529
290.8322385297575
290.85239297094995
290.8239709101131
290.81203268426145
290.8167709183129
290.8322820257067
290.8550959335079
290.80112028495216
290.7716531915694
290.7638386076557
290.7694637071651
290.78372981362304
290.6900378443801
290.63074382748925
290.5989612809142
290.58396026237926
290.5795061642038
290.45984146445863
290.3777849440702
290.32569148386204
290.29216853443614
290.27065781046383
290.14988707086735
290.0642373331683
290.0069915800675
289.9681350104802
289.9419357621127
289.83373987089715
289.75726608383377
289.70781288423086
289.6766912501308
289.65890197178686
289.56518910189294
289.5026577436396
289.4676672295897
289.4517573151811
289.4499869735601
289.3612654050585
289.3066288440277
289.28325570259386
289.28117693515117
289.2945025123178
289.2055501893324
289.1543605410559
289.13862404556164
289.14646800336305
289.1708573683376
289.0805880219031
289.0316364379222
289.0208957628799
289.0351737318695
289.066660280037
288.9639002527077
288.9087858011181
288.8953212628669
288.908733831932
288.9402678302259
288.82081891557937
288.75469942395756
288.733350256368
288.74066548418944
288.76712005942767
288.6297745387704
288.5501509671254
288.51837519913977
288.5172262282217
288.5365260022563
288.3994312894101
288.31854012153093
288.28553178002363
288.2835535616583
288.3026511077733
288.1778346800179
288.10611833300953
288.0814092445642
288.0876195622993
288.11521971916085
287.99569172097034
287.93050993422753
287.9140989690793
287.9298060906858
287.9677130928624
287.8457176880986
287.7816419412071
287.76984945502943
287.79219846456834
287.83785113499886
287.71728940191156
287.6564199278474
287.6498062840379
287.67840854237863
287.73084997018043
287.6249107843817
287.5762416416294
287.58055734360283
287.6192687383986
287.6812487713737
