149.0518
149.04787
149.05206
149.06674
149.0891
149.11789
149.15652
149.20038
149.23972
149.26807
149.28006
149.27856
149.26712
149.24667
149.21474
149.17747
149.14081
149.11249
149.09358
149.08687
149.09196
149.10881
149.13393
149.165
149.19968
149.23882
149.27733
149.30954
149.33237
149.34352
149.34393
149.3358
149.32295
149.30841
149.29404
149.27855
149.26279
149.2457
149.22546
149.19888
149.16684
149.13156
149.09726
149.06944
149.0489
149.03322
149.02133
149.00758
148.99075
148.97081
148.94377
148.90935
148.87225
148.83441
148.79535
148.7529
148.70753
148.66086
148.61922
148.5796
148.54689
148.52307
148.50513
148.49104
148.48027
148.47238
148.46425
148.4564
148.4461
148.43042
148.40955
148.38719
148.36728
148.35127
148.33844
148.32852
148.3217
148.31725
148.31676
148.32053
148.32547
148.32994
148.33293
148.33588
148.34045
148.34814
148.35887
148.37589
148.3994
148.43002
148.46509
148.50188
148.53581
148.56068
148.57399
148.57631
148.56671
148.54803
148.52498
148.5027
148.4845
148.46915
148.45654
148.44672
148.43872
148.43283
148.42612
148.41486
148.39845
148.37923
148.35936
148.34189
148.32799
148.3134
148.2964
148.27379
148.24196
148.20218
148.16179
148.1285
148.10718
148.10204
148.1102
148.12213
148.13562
148.14938
148.15964
148.15987
148.14842
148.1279
148.10593
148.08592
148.06517
148.04546
148.02129
147.99214
147.95554
147.91376
147.87518
147.84744
147.83656
147.84023
147.84904
147.85707
147.8585
147.84697
147.82141
147.78098
147.73088
147.67606
147.6225
147.57564
147.5412
147.52126
147.51114
147.50372
147.49329
147.47769
147.45486
147.42564
147.3891
147.3473
147.3027
147.25305
147.19975
147.14424
147.09138
147.04442
147.00233
146.96722
146.9412
146.92021
146.9022
146.88283
146.86008
146.8315
146.79123
146.73857
146.67555
146.60966
146.54956
146.5018
146.46973
146.45465
146.45221
146.454
146.45293
146.44443
146.42932
146.41217
146.39664
146.38693
146.3849
146.38922
146.39821
146.40878
146.41545
146.4137
146.4035
146.38463
146.3567
146.32204
146.28404
146.24626
146.21188
146.1858
146.17006
146.16422
146.16388
146.16806
146.17674
146.18745
146.19646
146.2008
146.19827
146.18448
146.15681
146.11745
146.0717
146.02438
