150.000000
150.046460
150.087418
150.117209
150.144360
150.182034
150.192468
150.203720
150.209568
150.216724
150.230113
150.244126
150.252636
150.281815
150.320705
150.346080
150.381885
150.409363
150.447945
150.469647
150.467661
150.441375
150.412189
150.353970
150.307088
150.271792
150.217784
150.164966
150.113974
150.067485
150.008985
149.954639
149.914953
149.875369
149.842349
149.799040
149.753877
149.698285
149.660694
149.631230
149.604365
149.557954
149.520929
149.487897
149.461064
149.422573
149.387455
149.357862
149.322449
149.275691
149.216019
149.169541
149.122337
149.067833
149.029826
148.970592
148.908207
148.871915
148.808775
148.766558
148.705008
148.667526
148.628239
148.568102
148.525457
148.505223
148.502610
148.492660
148.479530
148.469605
148.440018
148.398264
148.342371
148.312498
148.279053
148.249559
148.227016
148.198988
148.166241
148.113005
148.069964
148.042031
148.014799
147.992543
147.973092
147.951050
147.940086
147.921683
147.898356
147.851159
147.823615
147.792833
147.751500
147.703199
147.638457
147.601619
147.561658
147.534670
147.495544
147.454670
147.434649
147.417990
147.400653
147.363518
147.330252
147.288818
147.234323
147.189979
147.148531
147.104279
147.037874
146.992927
146.939095
146.896353
146.868559
146.844141
146.831069
146.837627
146.836958
146.858629
146.863734
146.850939
146.841251
146.812684
146.776417
146.745019
146.733483
146.732079
146.748600
146.772297
146.809435
146.849290
146.889196
146.935197
146.971575
147.017324
147.073219
147.116141
147.167870
147.211407
147.248451
147.271837
147.289579
147.301299
147.322190
147.344863
147.404245
147.451461
147.515460
147.573410
147.615218
147.660105
147.703541
147.749784
147.796086
147.843901
147.882757
147.922983
147.956963
148.004900
148.041789
148.076405
148.104878
148.131201
148.149161
148.160454
148.167098
148.162392
148.158819
148.178582
148.175706
148.166942
148.163227
148.143183
148.128234
148.110788
148.112969
148.128757
148.149470
148.155594
148.160769
148.167077
148.182588
148.192952
148.191540
148.187344
148.201424
148.237081
148.284106
148.313212
148.324563
148.314175
148.299142
148.316394
148.359399
148.409062
148.443057
148.467000
148.481690
148.492444
148.492623
148.504912
148.504629
148.498333
148.517872
148.530234
148.551622
148.548154
148.527040
148.520627
148.517934
148.512180
148.509097
148.497864
148.481864
148.464602
148.424156
148.395121
148.363345
148.327933
148.310415
148.282345
148.256749
148.244485
148.239572
148.240657
148.242410
148.257430
148.260696
148.261271
148.260730
148.262141
148.262113
148.263588
148.265753
148.265829
148.265507
148.267257
148.269844
148.267146
148.276270
148.287001
148.306598
148.325583
148.331145
148.331407
148.333821
148.336588
148.347217
148.353251
148.360980
148.360579
148.356254
148.355088
148.354141
148.352910
148.353858
148.352833
148.354313
148.351652
148.355930
148.360226
148.356989
148.365962
148.382476
148.390809
148.395516
148.408947
148.423923
148.441748
148.448775
148.461718
148.493102
148.500977
148.513104
148.527251
148.558326
148.568921
148.572073
148.572840
148.588432
148.600484
148.609465
148.622453
148.639593
148.640960
148.635130
148.634131
148.634967
148.640713
148.643463
148.650609
148.665372
148.675279
148.707041
148.730249
148.739576
148.763237
148.776416
148.808763
148.850463
148.881665
148.909227
148.935182
148.954645
148.971937
148.988835
149.016027
149.033668
149.066252
149.091899
149.103862
149.103862
149.115492
149.146683
149.159260
149.171560
149.180571
149.188254
149.188743
149.192946
149.201801
149.198219
149.191706
149.183345
149.183063
149.182448
149.191138
149.184748
149.190396
149.194048
149.199745
149.191463
149.198983
149.195809
149.188296
149.199264
149.208886
149.206129
149.191724
149.171606
149.168761
149.160692
149.157726
149.144881
149.130825
149.134104
149.158073
149.193885
149.225287
149.255852
149.288483
149.316293
149.337801
149.359719
149.377997
149.404382
149.412380
149.426000
149.443339
149.449236
149.447417
149.448402
149.449842
149.452689
149.459512
149.459935
149.460492
149.468915
149.471009
149.470845
149.463597
149.461118
149.463721
149.468257
149.465669
149.465760
149.461072
149.460944
149.457905
149.459703
149.451741
149.453359
149.464180
149.473461
149.485819
149.509630
149.537912
149.562839
149.583587
149.603595
149.610326
149.605253
149.612692
149.629179
149.649706
149.670502
149.687505
149.703481
149.714798
149.716897
149.731312
149.736740
149.743120
149.743967
149.740614
149.733069
149.727248
149.725319
149.715624
149.704991
149.694393
149.679360
149.665373
149.665054
149.655505
149.636935
149.622685
149.613075
149.610304
149.613149
149.614487
149.623025
149.632420
149.637609
149.635350
149.636985
149.634487
149.622090
149.612784
149.614703
149.613245
149.610702
149.609671
149.607611
149.609350
149.608127
149.607549
149.612199
149.611966
149.612742
149.617545
149.614876
149.613541
149.619633
149.627299
149.641881
149.652575
149.666817
149.675274
149.678815
149.688877
149.703885
149.714384
149.726019
149.733902
149.729288
149.712029
149.708988
149.702363
149.683723
149.654360
149.624040
149.600711
149.567907
149.539785
149.511899
149.484611
149.470522
149.449061
149.423361
149.399083
149.376082
149.356199
149.341249
149.328682
149.325336
149.316314
149.320407
149.332393
149.340708
149.358557
149.373250
149.383659
149.398898
149.416240
149.434686
149.473629
149.501398
149.527185
149.549086
149.568212
149.580026
149.601392
149.619560
149.619371
149.610006
149.588082
149.586960
149.595024
149.596926
149.598586
149.599564
149.600399
149.599496
149.599649
149.596846
149.598223
149.596844
149.597353
149.597605
149.587961
149.565372
149.538412
149.507419
149.461262
149.425318
149.402584
149.381913
149.358466
149.318181
149.285466
149.252307
149.202359
149.164127
149.127757
149.083374
149.032199
148.969155
148.918269
148.881232
148.843954
148.782678
148.735835
148.682042
148.645097
148.605123
148.550654
148.521379
148.472215
148.441257
148.411215
148.365788
148.334980
148.312044
148.295207
148.281894
148.285586
148.309200
148.332291
148.342958
148.352215
148.378032
148.421200
148.439272
148.442102
148.447864
148.461039
148.482685
148.501695
148.553247
148.602316
148.638333
148.695533
148.749841
148.790122
148.828922
148.868716
148.925381
148.964050
149.017514
149.081561
149.139066
149.183385
149.238571
149.289860
149.349337
149.393816
149.448133
149.501257
149.546829
149.590869
149.636235
149.679875
149.723926
149.755561
149.779003
149.779418
149.763972
149.718001
149.681758
149.643032
149.602757
149.566969
149.534630
149.494920
149.468995
149.413803
149.377279
149.333221
149.287175
149.245195
149.207506
149.189308
149.161617
149.125039
149.077411
149.040373
149.005540
148.960145
148.906145
148.860899
148.823429
148.767442
148.731506
148.697722
148.657660
148.631960
148.613272
148.599631
148.590084
148.589985
148.602164
148.629569
148.648801
148.658732
148.676006
148.707719
148.736216
148.780895
148.799926
148.823438
148.867211
148.922781
148.981092
149.026893
149.060602
149.083210
149.112103
149.142317
149.147167
149.126161
149.076571
149.032671
148.976548
148.915570
148.862131
148.812176
148.751342
148.714566
148.671863
148.625807
148.576462
148.535225
148.483566
148.437950
148.388849
148.349200
148.300245
148.244252
148.193181
148.147132
148.121148
148.102542
148.072058
148.059561
148.050807
148.052103
148.051876
148.044102
148.044697
148.051401
148.051183
148.043150
148.039485
148.028126
148.015033
147.996693
147.967623
147.941190
147.910937
147.896726
147.882972
147.868093
147.848290
147.834604
147.834675
147.836116
147.833804
147.826111
147.813034
147.807934
147.793613
147.789353
147.779247
147.777656
147.769494
147.766858
147.768102
147.773047
147.772047
147.767065
147.757208
147.749742
147.743851
147.736864
147.730616
147.725469
147.706978
147.696026
147.692006
147.689251
147.686876
147.685816
147.687246
147.686369
147.677493
147.674880
147.669467
147.667307
147.659432
147.651195
147.635723
147.625485
147.623535
147.625134
147.622845
147.610754
147.591179
147.560411
147.543380
147.520194
147.487045
147.458099
147.419481
147.384672
147.349395
147.314039
147.291802
147.268340
147.220752
147.195308
147.162891
147.131604
147.103476
147.087101
147.075863
147.077796
147.067856
147.060341
147.055830
147.049556
147.030918
147.010944
146.997019
146.993247
146.997035
147.001567
147.002660
146.999555
146.998827
147.001702
146.992266
146.985212
146.976683
146.964400
146.958956
146.936383
146.925903
146.905517
146.901471
146.899231
146.901255
146.915602
146.925735
146.922643
146.920184
146.934372
146.936890
146.928521
146.934256
146.946595
146.958125
146.957861
146.975253
146.991299
147.002525
147.008502
147.007467
147.008954
147.013805
147.022448
147.022763
147.027941
147.041076
147.055811
147.059780
147.053210
147.049705
147.040474
147.031987
147.034218
147.025212
147.029170
147.034940
147.038889
147.057579
147.062690
147.082205
147.100099
147.125829
147.135762
147.140642
147.143933
147.140516
147.126520
147.125383
147.118680
147.118700
147.118268
147.115133
147.112131
147.113751
147.121261
147.134129
147.143115
147.155347
147.157544
147.160302
147.159543
147.156628
147.152630
147.150096
147.154404
147.159281
147.167553
147.178664
147.194279
147.218236
147.228200
147.241385
147.241986
147.251730
147.253412
147.257946
147.263684
147.278113
147.299814
147.322931
147.330766
147.333046
147.342582
147.355731
147.371779
147.373681
147.394489
147.411952
147.415115
147.426797
147.414061
147.407981
147.407994
147.403489
147.401571
147.420261
147.447603
147.489334
147.553575
147.612901
147.662249
147.681854
147.705996
147.709597
147.747802
147.766648
147.768267
147.740841
147.728322
147.715017
147.721283
147.733506
147.757929
147.782550
147.786271
147.801504
147.804831
147.815061
147.815890
147.805468
147.806948
147.824772
147.846580
147.873453
147.891355
147.898191
147.893522
147.882599
147.871014
147.848568
147.810903
147.771480
147.718039
147.683022
147.615195
147.570372
147.521140
147.486715
147.437469
147.401592
147.387541
147.363737
147.325635
147.293511
147.252897
147.202021
147.171287
147.142840
147.109067
147.077063
147.042358
147.007006
146.978403
146.937702
146.915170
146.889919
146.869247
146.841849
146.820972
146.796674
146.783459
146.777572
146.772911
146.770859
146.769054
146.767939
146.770182
146.779417
146.780334
146.794059
146.810006
146.847666
146.881730
146.915027
146.948037
146.985802
147.010671
147.049635
147.094262
147.130080
147.166379
147.212879
147.250843
147.279281
147.313976
147.333072
147.351735
147.361746
147.360363
147.360256
147.360665
147.364076
147.365082
147.365048
147.359655
147.346219
147.341701
147.337621
147.327990
147.318627
147.312865
147.307157
147.296177
147.297498
147.295670
147.293684
147.292565
147.295170
147.305610
147.308597
147.304303
147.302955
147.296825
147.292255
147.283743
147.271547
147.255644
147.224279
147.197615
147.166593
147.121977
147.079083
147.019063
146.980818
146.918950
146.880168
146.814576
146.750975
146.696199
146.641399
146.593840
146.538981
146.502799
146.478897
146.441966
146.390513
146.365673
146.340885
146.319253
146.295791
146.289689
146.290749
146.285553
146.264243
146.236211
146.216446
146.188766
146.163017
146.147914
146.117849
146.102660
146.060774
146.017954
145.974575
145.933724
145.886097
145.848749
145.801730
145.762253
145.718226
145.662574
145.613953
145.575326
145.526624
145.473183
145.439425
145.393874
145.356107
145.327278
145.284754
145.271028
145.251448
145.236932
145.210292
145.172839
145.152138
145.143754
145.120710
145.113952
145.110682
145.123940
145.140832
145.156206
145.185326
145.208545
145.208096
145.209041
145.201909
145.192697
145.172054
145.144531
145.143985
145.139527
145.167236
145.198779
145.227949
145.261482
145.289913
145.294026
145.306371
145.319680
145.343259
145.356999
145.372823
145.399726
145.439475
145.457466
145.462584
145.450479
145.424791
145.391018
145.343183
145.305971
145.262376
145.234550
145.198130
145.170415
145.144349
145.097907
145.069244
145.053895
145.052814
145.056804
145.074508
145.086524
145.118170
145.149375
145.178496
145.212323
145.242642
145.252932
145.283827
145.295808
145.301781
145.307617
145.312838
145.309999
145.315452
145.319815
145.317616
145.325108
145.323571
145.326903
145.327772
145.327000
145.324135
145.326353
145.326855
145.320707
145.319579
145.317402
145.318081
145.311494
145.291406
145.266757
145.233610
145.209602
145.197363
145.170450
145.151484
145.134134
145.123727
145.094907
145.082501
145.075259
145.059571
145.035149
145.026948
144.996112
144.956443
144.934296
144.923429
144.882682
144.821984
144.762906
144.709501
144.651058
144.599328
144.542474
144.500908
144.463917
144.397599
144.339695
144.301767
144.273602
144.230902
144.189011
144.162535
144.115218
144.100318
144.098508
144.089996
144.060169
144.055943
144.065161
144.072364
144.074567
144.057928
144.067715
144.068843
144.082272
144.102330
144.106144
144.135601
144.154305
144.159083
144.170414
144.194710
144.234935
144.285329
144.335375
144.398179
144.457427
144.515116
144.555160
144.616023
144.670873
144.703042
144.738367
144.769254
144.794004
144.824939
144.872851
144.927136
144.966915
145.024714
145.080340
145.121160
145.173641
145.215990
145.251743
145.296035
145.335220
145.364546
145.396646
145.420681
145.439241
145.455360
145.446719
145.460209
145.459214
145.488331
145.519050
145.560199
145.595577
145.659754
145.713163
145.759803
145.804809
145.849845
145.900021
145.957047
146.002917
146.062050
146.105537
146.152498
146.198533
146.249196
146.297589
146.339859
146.402540
146.438639
146.462727
146.508122
146.545848
146.592004
146.649839
146.687566
146.721877
146.758872
146.817121
146.859629
146.914376
146.982630
147.025152
147.063430
147.093950
147.139445
147.178468
147.225012
147.258424
147.292503
147.317266
147.365059
147.387523
147.406358
147.416805
147.441945
147.468146
147.495554
147.512461
147.517904
147.525651
147.543442
147.541895
147.530371
147.540825
147.564163
147.589719
147.632665
147.679079
147.723623
147.755202
147.772876
147.778052
147.760799
147.745248
147.728628
147.727653
147.753373
147.782822
147.831354
147.894316
147.929050
147.959800
147.974083
148.021776
148.066601
148.092913
148.115930
148.121596
148.107412
148.105579
148.088680
148.090443
148.124777
148.129059
148.116947
148.096679
148.050851
148.032519
148.030679
148.001309
147.974037
147.941095
147.898612
147.862843
147.828205
147.800093
147.765133
147.735169
147.714339
147.700514
147.692061
147.691783
147.688282
147.677816
147.655288
147.641075
147.640016
147.651044
147.669180
147.682017
147.685965
147.679389
147.664361
147.658397
147.665112
147.670483
147.677785
147.674997
147.664990
147.661264
147.653131
147.649233
147.635244
147.614860
147.592920
147.583735
147.570962
147.567306
147.550407
147.548024
147.554769
147.552117
147.543106
147.536511
147.539542
147.555752
147.581700
147.599366
147.631496
147.661400
147.698297
147.721807
147.738954
147.751909
147.780646
147.799106
147.804590
147.802172
147.794733
147.781000
147.776308
147.783978
147.798236
147.804096
147.813965
147.827298
147.844470
147.861903
147.898126
147.921851
147.949143
147.964694
147.974571
147.971396
147.950843
147.928539
147.914801
147.903404
147.891188
147.873297
147.847864
147.803342
147.775870
147.739373
147.711905
147.685158
147.670973
147.666413
147.647701
147.611316
147.570604
147.513058
147.461703
147.412335
147.382671
147.347322
147.293426
147.263140
147.227649
147.190433
147.153982
147.117141
147.079563
147.041434
147.020310
146.981454
146.931240
146.871452
146.828367
146.796641
146.780364
146.779777
146.767673
146.772777
146.795496
146.823244
146.856688
146.886535
146.901135
146.909320
146.908012
146.914417
146.915592
146.915534
146.916558
146.915634
146.921626
146.930339
146.931390
146.917448
146.911128
146.909928
146.906846
146.904934
146.897757
146.893782
146.875788
146.851241
146.840551
146.829265
146.820546
146.804445
146.799072
146.795953
146.796984
146.799587
146.802503
146.801430
146.803429
146.800528
146.799071
146.799147
146.798298
146.799215
146.799001
146.798602
146.790616
146.779264
146.757013
146.738065
146.711923
146.703307
146.667117
146.639202
146.597465
146.565964
146.536893
146.522538
146.499677
146.492334
146.499733
146.513657
146.542928
146.588312
146.616437
146.643907
146.661949
146.715431
146.752954
146.818669
146.866821
146.916149
146.958138
147.004960
147.036762
147.085207
147.134614
147.174902
147.234535
147.275208
147.330202
147.395116
147.446064
147.514638
147.570889
147.630965
147.670316
147.700007
147.731099
147.739563
147.765882
147.794101
147.850291
147.894121
147.929655
147.952724
147.985638
148.008197
148.033566
148.043989
148.046066
148.040151
148.050627
148.068757
148.065580
148.068879
148.092696
148.125168
148.143969
148.192582
148.212676
148.263011
148.320664
148.346624
148.369435
148.371822
148.370957
148.357714
148.373596
148.371199
148.367986
148.361983
148.373807
148.383778
148.379100
148.360378
148.324309
148.280446
148.228701
148.184772
148.155856
148.127517
148.116621
148.114826
148.106164
148.093019
148.094375
148.081203
148.073308
148.060426
148.055150
148.028831
147.984989
147.921267
147.871015
147.848985
147.820683
147.808688
147.785211
147.773766
147.759065
147.745608
147.738840
147.736109
147.734893
147.733500
147.735725
147.736071
147.741004
147.744878
147.745350
147.753701
147.748581
147.742217
147.738646
147.735244
147.738458
147.756917
147.770514
147.779077
147.786265
147.807442
147.821110
147.817264
147.818873
147.819008
147.807757
147.794598
147.777010
147.742543
147.717112
147.680426
147.648780
147.618578
147.597361
147.560136
147.539472
147.528163
147.518521
147.512272
147.511149
147.515960
147.510417
147.510388
147.511809
147.527890
147.537735
147.548725
147.545702
147.533467
147.514552
147.505721
147.489894
147.465246
147.445873
147.436404
147.439079
147.451239
147.458212
147.461171
147.470860
147.482836
147.510526
147.538812
147.564142
147.604328
147.633967
147.668817
147.705515
147.739499
147.776670
147.805826
147.824544
147.842620
147.862421
147.881403
147.914500
147.928629
147.934198
147.935748
147.948752
147.979219
148.030253
148.074963
148.130767
148.181704
148.231161
148.279264
148.315059
148.358912
148.398287
148.456555
148.515301
148.560313
148.608768
148.643624
148.705727
148.770565
148.827154
148.883431
148.929836
148.967998
149.018137
149.067222
149.124544
149.154366
149.178104
149.201037
149.221513
149.224167
149.217747
149.209699
149.196384
149.188232
149.201451
149.224063
149.271817
149.307444
149.341458
149.357627
149.348552
149.351199
149.356287
149.360885
149.369370
149.371166
149.361597
149.338276
149.320332
149.301722
149.297339
149.293435
149.281060
149.262113
149.247820
149.230328
149.227824
149.219740
149.209523
149.208659
149.191919
149.169221
149.144342
149.122985
149.098522
149.067414
149.038794
149.011432
148.992020
148.979965
148.969280
148.955324
148.941109
148.909913
148.888311
148.867084
148.818972
148.782670
148.745616
148.709692
148.671589
148.634185
148.586010
148.528033
148.497146
148.461736
148.414957
148.387354
148.375406
148.379671
148.385418
148.406361
148.441905
148.477711
148.500717
148.517810
148.511591
148.498451
148.489706
148.485384
148.494102
148.523234
148.569049
148.626937
148.659312
148.716439
148.775613
148.808557
148.859363
148.904467
148.953303
148.975573
148.995452
149.010823
149.026132
149.028471
149.026009
149.028898
149.029263
149.033665
149.031903
149.029920
149.032595
149.034257
149.044500
149.050932
149.060330
149.072243
149.074282
149.084398
149.085007
149.083834
149.089827
149.093975
149.093161
149.089911
149.081460
149.078834
149.087165
149.110739
149.134964
149.150139
149.175310
149.224412
149.254320
149.262018
149.267015
149.258691
149.262594
149.260937
149.243604
149.204559
149.186971
149.171418
149.170979
149.159726
149.165146
149.171630
149.189778
149.204526
149.227145
149.252746
149.292249
149.313332
149.324982
149.334877
149.336020
149.337085
149.334891
149.334407
149.330876
149.324422
149.307362
149.295960
149.277024
149.251805
149.215412
149.185377
149.157024
149.136387
149.126902
149.110689
149.088663
149.073299
149.041147
149.018112
148.996137
148.954496
148.916820
148.892804
148.860890
148.820651
148.771266
148.726680
148.684916
148.663849
148.616224
148.599438
148.583340
148.556635
148.535657
148.521982
148.511483
148.491907
148.483699
148.463002
148.435758
148.413509
148.401966
148.395069
148.385071
148.370977
148.361046
148.355490
148.348896
148.353827
148.358978
148.353883
148.352356
148.351179
148.357884
148.367527
148.380108
148.391176
148.419010
148.444581
148.477461
148.504674
148.532231
148.550453
148.553398
148.556094
148.558187
148.544467
148.534359
148.527341
148.523992
148.519728
148.503980
148.493297
148.485332
148.475266
148.470816
148.454831
148.430402
148.410579
148.397483
148.384007
148.376451
148.367112
148.339232
148.315907
148.281749
148.236502
148.198969
148.181782
148.175269
148.172909
148.184679
148.186149
148.167483
148.171835
148.178933
148.174168
148.149926
148.129178
148.114196
148.116118
148.108531
148.080755
148.068036
148.026974
147.996076
147.950975
147.916184
147.906194
147.906657
147.919696
147.919436
147.898749
147.885442
147.864635
147.827649
147.793697
147.746578
147.711434
147.673120
147.641288
147.616103
147.605124
147.596505
147.574296
147.543930
147.512682
147.486931
147.453930
147.424885
147.383105
147.346842
147.309871
147.252993
147.204339
147.154498
147.119574
147.086354
147.043530
147.017929
147.001125
146.967544
146.941945
146.906405
146.874330
146.834429
146.770647
146.711685
146.653283
146.612951
146.585480
146.565522
146.550697
146.545434
146.530761
146.503701
146.475345
146.446691
146.429913
146.425742
146.421549
146.427038
146.432894
146.433631
146.437237
146.436841
146.422678
146.402428
146.389143
146.367149
146.336517
146.308983
146.284138
146.260662
146.240917
146.235984
146.231202
146.227447
146.213426
146.214481
146.222803
146.223538
146.217245
146.208217
146.194488
146.161241
146.120535
146.085742
146.058365
146.029659
146.006946
