149.0872093851576
149.08231994020082
149.07769847811463
149.07313206529142
149.06846587567904
149.0826563523636
149.09056127361586
149.09485664527608
149.0966897092767
149.09685753307153
149.12477056770518
149.14260117690566
149.15464817291215
149.1627568528948
149.16817920530036
149.1750657151871
149.17946659793475
149.18215942438317
149.18351539477112
149.1837810839224
149.18094834059718
149.17798256155302
149.17466202059177
149.1709121718364
149.1667035792227
149.18447761001397
149.1945952058096
149.20028821709158
149.20293593372728
149.20349101379588
149.2264970182915
149.24071731332685
149.24982873092654
149.2554108791094
149.2585333956385
149.2687136864281
149.27462613018895
149.277897738472
149.27920592304136
149.27901019232849
149.26099226271918
149.24724982586957
149.2356535457039
149.22530275511363
149.2155972642174
149.1835742668996
149.1588965233269
149.138279045187
149.12034789462425
149.10419743480495
149.0627189619937
149.03063632797435
149.00407811686898
148.98137335417368
148.96140805688574
148.91006812026646
148.87084666723825
148.8390717738905
148.81257014119436
148.7898814345341
148.73681356271507
148.69637567388918
148.66394171853162
148.6372539122863
148.61479037240318
148.57759121521713
148.54855731642297
148.5250264324961
148.50563685875036
148.48946346173813
148.4626097431307
148.44209204178003
148.42587888696673
148.41296065991594
148.40263395337823
148.38709591660978
148.37564719905188
148.3670335185385
148.3606332771416
148.35600378703788
148.35233842360975
148.35012651363948
148.34901941179467
148.34886038059045
148.34952097174647
148.35604813227752
148.36170406176427
148.36690201196578
148.37189238057138
148.37682349476196
148.40388594182494
148.42428245833972
148.44065732036307
148.454355411973
148.46626593168165
148.4929193321376
148.5137657999201
148.5309572260113
148.54556439503386
148.55829224338342
148.56276690743496
148.56820875645448
148.5738306624384
148.57931456297828
148.58444293702794
148.5691885568786
148.55956640444995
148.5529471128607
148.54812647948268
148.54431355344678
148.51309144644836
148.49075100283386
148.47358442536833
148.45982746162989
148.4483191073704
148.4094688545809
148.38057296123077
148.35780703268767
148.3392749276705
148.32372198172666
148.28442292452908
148.25467147388318
148.2311130653248
148.2119712132626
148.19606274082852
148.17975974867633
148.16628949984934
148.15508544568254
148.1457760036507
148.13811039377788
148.12809601535037
148.12058943668177
148.11500040734103
148.11100092546943
148.10834823910858
148.08748112785247
148.07351849395087
148.06395483136419
148.05749457097915
148.05324660285095
148.02760740860845
148.01018011171678
147.9978926574712
147.989158556695
147.98290970077136
147.9517992214451
147.93007617060664
147.9142605938039
147.90252936648656
147.8936610831318
147.8438606144438
147.80845476345732
147.78216262378982
147.76211169431497
147.74638022055294
147.69949583365775
147.6649952372184
147.6386300808201
147.6179651991482
147.60138352010205
147.5511346292925
147.5139702601824
147.4855457261467
147.46328862099983
147.44547980213264
147.38234632548858
147.33588971724132
147.30056567557622
147.27300587371352
147.2509557767327
147.19143949541166
147.14691458109453
147.11259767334178
147.0854874404602
147.0635797452188
147.0077276804662
146.96566182437303
146.9331489268432
146.90743709815646
146.8866835260053
146.82029220339396
146.7706996985884
146.73273940888407
146.70291972008923
146.67889625994445
146.63055536129906
146.59344221858646
146.5643249813247
146.54097855065754
146.52191602305413
146.48979783638575
146.4648954994657
146.44530369613577
146.42969703893186
146.4171760076051
146.41014594911934
146.40444987954498
146.39996240889408
146.39668430173973
146.3945981640439
146.38415849183107
146.37743961459591
146.3734863893967
146.37160095213892
146.37128594802286
146.35029096191624
146.3362348589535
146.3270439257517
146.3211666523533
146.31754983931685
146.30013401102164
146.28803693547727
146.27964459887554
146.2737847195151
146.2696787708397
146.24935622677208
146.23469611106256
146.2240400646632
146.21613112940219
146.21012999516202
