143.64337
143.61238
143.57404
143.52951
143.4817
143.43355
143.3875
143.34291
143.30019
143.2582
143.21758
143.178
143.13702
143.09601
143.05678
143.01967
142.98544
142.95432
142.92497
142.8954
142.86511
142.83282
142.79716
142.76047
142.72522
142.69363
142.66681
142.64409
142.6256
142.6123
142.60358
142.5988
142.59778
142.5994
142.6024
142.60512
142.60681
142.60567
142.60219
142.59773
142.59314
142.5886
142.58392
142.579
142.57242
142.56319
142.55013
142.53201
142.50978
142.4847
142.45825
142.43224
142.40785
142.38467
142.3626
142.34016
142.31483
142.28503
142.2496
142.20827
142.16281
142.11758
142.07523
142.03621
142.00009
141.96718
141.93658
141.90686
141.8772
141.84885
141.82455
141.80708
141.79774
141.7974
141.80638
141.82368
141.84688
141.87497
141.90674
141.94138
141.97775
142.01321
142.04503
142.07387
142.09969
142.12137
142.1375
142.14845
142.1531
142.14978
142.13762
142.11613
142.0857
142.04831
142.00507
141.95695
141.90576
141.8543
141.80371
141.75522
141.71104
141.66927
141.63025
141.59544
141.56686
141.54672
141.53505
141.52806
141.52309
141.51582
141.50133
141.47974
141.45135
141.41739
141.38103
141.34354
141.30731
141.27196
141.23444
141.19464
141.15224
141.10823
141.06328
141.01659
140.96878
140.92027
140.87126
140.82347
140.77812
140.73312
140.68866
140.64491
140.60196
140.55946
140.5171
140.47559
140.43373
140.3909
140.34523
140.29631
140.2469
140.19641
140.1465
140.09908
140.05655
140.019
139.98587
139.9567
139.92856
139.9019
139.87387
139.84413
139.8098
139.77008
139.72661
139.6833
139.6413
139.6004
139.56299
139.53156
139.50835
139.49576
139.49782
139.51485
139.54408
139.58525
139.63905
139.69978
139.7654
139.83609
139.90878
139.98013
140.04791
140.11278
140.17381
140.22939
140.2759
140.3094
140.33101
140.34549
140.3559
140.36813
140.38452
140.40619
140.43535
140.47147
140.51146
140.553
140.59293
140.62958
140.66278
140.69075
140.71257
140.72995
140.74286
140.75334
140.7645
140.77747
140.7912
140.80399
140.81453
140.82169
140.82399
140.82224
140.817
140.80942
140.80058
140.79169
140.78319
140.77562
140.76917
140.76382
140.76048
140.75996
140.76233
140.76805
140.77768
140.78874
140.8008
140.81375
