150.000000
149.974530
149.942156
149.903422
149.870368
149.816073
149.761502
149.719203
149.673628
149.616278
149.560322
149.494175
149.440293
149.393336
149.364186
149.324708
149.271663
149.230748
149.172858
149.131663
149.083330
149.038377
148.996984
148.960625
148.919845
148.876266
148.847075
148.815666
148.796285
148.775812
148.770570
148.753244
148.750988
148.760618
148.778622
148.777061
148.791222
148.798535
148.794561
148.790009
148.789048
148.790427
148.772714
148.759890
148.759493
148.747835
148.737782
148.715161
148.708636
148.711416
148.712045
148.710121
148.707125
148.676056
148.662071
148.650055
148.657846
148.676549
148.695353
148.722034
148.750003
148.785110
148.808567
148.826801
148.859229
148.899601
148.957602
149.000534
149.058703
149.103352
149.138955
149.167573
149.193012
149.223702
149.257258
149.297763
149.331298
149.391543
149.420101
149.453861
149.458313
149.469152
149.499752
149.532506
149.569995
149.609166
149.656095
149.715091
149.760789
149.808024
149.832486
149.860397
149.882924
149.897341
149.896237
149.904443
149.928342
149.956598
149.979731
150.018319
150.081142
150.124661
150.170308
150.211643
150.263124
150.290007
150.298495
150.333410
150.340306
150.325710
150.297756
150.264698
150.246252
150.222663
150.179460
150.146346
150.096530
150.056752
150.015098
149.967582
149.915603
149.863881
149.814367
149.775373
149.736322
149.698730
149.661894
149.614580
149.566640
149.532224
149.501195
149.479432
149.429060
149.404654
149.383849
149.381299
149.398271
149.403463
149.389924
149.377294
149.349172
149.308914
149.264881
149.209134
149.153039
149.119963
149.092369
149.069810
149.072594
149.066588
149.044664
149.016434
148.975328
148.923114
148.881696
148.861435
148.825239
148.782840
148.747121
148.720341
148.687445
148.651646
148.598079
148.555520
148.520406
148.463089
148.419860
148.370541
148.312975
148.250911
148.201593
148.140686
148.094321
148.052131
148.009172
147.964524
147.911693
147.849135
147.810117
147.741433
147.684130
147.622008
147.589450
147.533608
147.487940
147.419875
147.368163
147.327852
147.278435
147.231866
147.165824
147.112619
147.046804
146.982445
146.934409
146.894989
146.848077
146.801337
146.748566
146.703398
146.652892
146.608504
146.566093
146.503899
146.439367
146.394470
146.343623
146.302079
146.245442
146.200510
146.158714
146.126896
146.090168
146.050462
146.013079
145.975585
145.936789
145.916844
145.896089
145.865227
145.843995
145.818026
145.802952
145.785579
145.762189
145.745312
145.742558
145.731020
145.727349
145.706182
145.692205
145.682578
145.682391
145.683830
145.685278
145.695551
145.703128
145.694343
145.690241
145.691702
145.688970
145.680238
145.674705
145.659671
145.647960
145.642335
145.633718
145.629036
145.618406
145.614451
145.606250
145.605707
145.612080
145.616779
145.619124
145.617735
145.631956
145.633967
145.649556
145.677206
145.698302
145.714329
145.735568
145.761371
145.776039
145.788217
145.802677
145.825593
145.848309
145.867594
145.893520
145.918241
145.949117
145.969556
145.990860
146.010695
146.031140
146.051530
146.069700
146.073739
146.088888
146.099080
146.106585
146.129172
146.146396
146.149951
146.144532
146.143541
146.153636
146.175281
146.207884
146.221350
146.248559
146.278067
146.306887
146.329711
146.357121
146.382376
146.395844
146.406453
146.427264
146.437412
146.434089
146.427788
146.417609
146.389297
146.344400
146.316015
146.299890
146.294170
146.291789
146.283810
146.280177
146.269282
146.267462
146.260884
146.254625
146.245216
146.235415
146.235271
146.233507
146.234305
146.233327
146.243979
146.263450
146.298578
146.338881
146.365397
146.404424
146.423460
146.435216
146.460349
146.508470
146.548142
146.600804
146.655979
146.695062
146.740293
146.792296
146.843720
146.877570
146.918511
146.948714
146.997389
147.017164
147.066677
147.106998
147.155161
147.179466
147.217210
147.236751
147.261958
147.267858
147.274223
147.284462
147.287517
147.304177
147.318906
147.328969
147.345549
147.352666
147.348404
147.354984
147.351834
147.346488
147.334081
147.331363
147.332882
147.324449
147.318234
147.320647
147.328629
147.331622
147.325417
147.311516
147.286445
147.272870
147.260803
147.260471
147.253782
147.256183
147.251470
147.252429
147.254694
147.252318
147.252957
147.260053
147.258658
147.257523
147.247021
147.244836
147.244785
147.245032
147.245489
147.246979
147.248592
147.257434
147.271307
147.274571
147.277765
147.278863
147.286637
147.293303
147.308699
147.323057
147.333659
147.344912
147.373853
147.391856
147.407498
147.416042
147.431801
147.442079
147.449960
147.450073
147.456282
147.474684
147.482442
147.490232
147.495905
147.492553
147.489458
147.476289
147.451671
147.427863
147.410984
147.405554
147.394060
147.378057
147.358458
147.332895
147.321301
147.311388
147.300989
147.293532
147.297104
147.293692
147.293230
147.306301
147.307387
147.303059
147.302604
147.307849
147.311162
147.329462
147.356327
147.375447
147.391053
147.402220
147.421184
147.442038
147.460743
147.475698
147.489811
147.500737
147.525390
147.554435
147.594357
147.622879
147.665783
147.689493
147.713650
147.728871
147.738902
147.756728
147.770244
147.766010
147.759868
147.760417
147.749953
147.745234
147.744355
147.734388
147.736269
147.731786
147.732492
147.732293
147.731051
147.731451
147.726680
147.721988
147.718727
147.708055
147.705969
147.699012
147.697929
147.701255
147.686189
147.671469
147.650414
147.607131
147.570755
147.523936
147.490253
147.442126
147.405070
147.355787
147.315322
147.282091
147.253201
147.227874
147.207593
147.198532
147.188421
147.182127
147.175476
147.167722
147.163449
147.157947
147.160510
147.176733
147.197538
147.217022
147.237271
147.261043
147.271243
147.273934
147.280055
147.279425
147.285685
147.284278
147.287880
147.285497
147.299209
147.297692
147.293752
147.312850
147.312835
147.315345
147.317945
147.297674
147.292713
147.268626
147.231471
147.220994
147.225221
147.211590
147.182227
147.151365
147.134733
147.105249
147.060861
147.029748
147.008030
146.960929
146.905680
146.859031
146.821986
146.760598
146.705551
146.661764
146.606206
146.569241
146.546351
146.514375
146.483454
146.449155
146.415053
146.386692
146.365371
146.342511
146.344849
146.333359
146.325066
146.289938
146.237392
146.202913
146.193438
146.174070
146.176523
146.190565
146.200726
146.197139
146.213922
146.244570
146.270404
146.271003
146.265937
146.287018
146.281112
146.254913
146.249916
146.239947
146.208881
146.194596
146.163959
146.120715
146.081625
146.043861
146.002182
145.954995
145.906626
145.864800
145.844972
145.814485
145.760969
145.727927
145.705259
145.662780
145.633088
145.623110
145.590694
145.546597
145.507252
145.466134
145.431710
145.408258
145.367460
145.319049
145.269402
145.235271
145.207079
145.167527
145.140694
145.092868
145.042387
144.988862
144.939958
144.893219
144.854307
144.815418
144.780902
144.752837
144.723787
144.693932
144.657069
144.631245
144.615131
144.611506
144.601307
144.590331
144.581360
144.581365
144.578072
144.588821
144.621754
144.646536
144.690016
144.739534
144.791054
144.836320
144.889031
144.931202
144.944433
144.939282
144.935652
144.924944
144.940691
144.933504
144.909752
144.888632
144.854351
144.821583
144.778670
144.754556
144.747686
144.744596
144.746383
144.771509
144.781549
144.777226
144.793822
144.810930
144.823447
144.827300
144.823672
144.815749
144.817550
144.817287
144.804903
144.805971
144.812891
144.814305
144.808109
144.806473
144.792592
144.780367
144.766788
144.745632
144.738264
144.726308
144.718074
144.713136
144.712486
144.713222
144.720060
144.719870
144.716266
144.718102
144.722595
144.730265
144.736948
144.741192
144.746884
144.753644
144.756341
144.766911
144.767648
144.769602
144.768111
144.774465
144.780705
144.788933
144.798758
144.819234
144.825351
144.830624
144.842098
144.852442
144.860459
144.866647
144.879871
144.897830
144.925775
144.954266
144.983565
145.006901
145.023726
145.044837
145.070722
145.086874
145.102042
145.122492
145.135530
145.143474
145.161581
145.168364
145.182644
145.191936
145.210261
145.217357
145.245597
145.256769
145.250753
145.257184
145.245269
145.233132
145.205267
145.151769
145.113917
145.066412
145.013859
144.985718
144.957359
144.932882
144.912532
144.883409
144.849475
144.814964
144.784853
144.751873
144.722057
144.683525
144.659787
144.632260
144.621326
144.599396
144.584831
144.576064
144.559036
144.545284
144.521162
144.494021
144.480172
144.456547
144.439336
144.424890
144.404588
144.377991
144.353841
144.332342
144.317014
144.296790
144.271035
144.243752
144.210302
144.178307
144.145384
144.116815
144.091585
144.053156
144.010675
143.966263
143.933956
143.897461
143.869432
143.834083
143.810845
143.794797
143.783791
143.767566
143.743159
143.727174
143.713888
143.695163
143.670194
143.641258
143.612223
143.589952
143.546551
143.497758
143.453778
143.397787
143.353391
143.294209
143.236126
143.202449
143.174673
143.146209
143.130329
143.118583
143.110888
143.096658
143.073221
143.048866
143.026512
143.003803
142.988363
142.977257
142.975877
142.970039
142.958857
142.939226
142.926170
142.904677
142.898326
142.884904
142.883528
142.877332
142.877800
142.886138
142.893325
142.894673
142.890018
142.870297
142.859583
142.853878
142.854431
142.858583
142.863974
142.882024
142.888110
142.902969
142.909647
142.919361
142.930674
142.948210
142.961213
142.995246
143.032169
143.070972
143.100702
143.152533
143.199837
143.235175
143.266504
143.292083
143.329790
143.387918
143.437175
143.476819
143.520093
143.559483
143.625123
143.672651
143.707521
143.727865
143.730662
143.746492
143.786678
143.821745
143.883518
143.937761
143.997585
144.043127
144.105659
144.167560
144.207937
144.263091
144.326037
144.381396
144.422407
144.463600
144.495488
144.537510
144.581872
144.616463
144.654135
144.692477
144.731051
144.790827
144.826890
144.865079
144.889296
144.917435
144.953004
144.979735
145.015574
145.051545
145.073146
145.073500
145.063613
145.037252
145.019035
145.007166
144.997885
144.995132
144.964723
144.926662
144.898184
144.862313
144.836726
144.823819
144.827425
144.849490
144.849984
144.852355
144.855290
144.855887
144.854756
144.839482
144.832475
144.841485
144.840630
144.840336
144.846411
144.862952
144.869799
144.892689
144.922409
144.941846
144.966845
144.977129
144.987366
144.998224
145.017900
145.040708
145.059578
145.082178
145.105124
145.125783
145.151880
145.170567
145.179693
145.175806
145.182822
145.193143
145.203979
145.202058
145.218253
145.220257
145.226402
145.231475
145.232323
145.235930
145.249871
145.271594
145.285738
145.291574
145.290177
145.280735
145.278732
145.276484
145.281934
145.288261
145.289795
145.291802
145.297532
145.306612
145.320362
145.335111
145.359022
145.385645
145.395997
145.411621
145.413614
145.428840
145.453671
145.468934
145.481887
145.485321
145.494533
145.497716
145.506850
145.517546
145.528524
145.539681
145.545816
145.546669
145.534976
145.533054
145.558257
145.588419
145.611598
145.639186
145.645065
145.639106
145.634767
145.609401
145.590989
145.570967
145.544888
145.498897
145.454498
145.414477
145.370605
145.314268
145.255590
145.207944
145.174623
145.134692
145.084431
145.036767
144.988592
144.954117
144.917739
144.897095
144.870180
144.816325
144.768040
144.720623
144.699818
144.679904
144.666470
144.654127
144.644330
144.622915
144.624408
144.629248
144.628215
144.638951
144.651615
144.682510
144.692828
144.716967
144.737508
144.775071
144.833034
144.877931
144.916445
144.946785
144.973492
145.001820
145.036632
145.092269
145.123647
145.158185
145.191085
145.239327
145.282427
145.337582
145.374894
145.421702
145.475790
145.533317
145.582816
145.625186
145.688760
145.750606
145.798702
145.839918
145.904397
145.963368
145.985020
146.020111
146.055415
146.104489
146.133577
146.157163
146.181663
146.197554
146.223437
146.248628
146.269854
146.300789
146.343090
146.391672
146.422371
146.452228
146.493112
146.511152
146.519261
146.537908
146.562419
146.599749
146.634464
146.651062
146.668899
146.698800
146.742331
146.804277
146.850551
146.896594
146.930299
146.959282
146.967407
146.967533
146.964168
146.967690
146.969229
146.967172
146.962872
146.960934
146.960945
146.962029
146.963543
146.963463
146.967019
146.964432
146.972648
146.970168
146.981352
146.981611
146.972394
146.961267
146.954205
146.953403
146.939663
146.920051
146.911280
146.895744
146.874107
146.850576
146.818503
146.798650
146.757886
146.720770
146.688188
146.655743
146.606641
146.567544
146.530681
146.489973
146.449717
146.394183
146.350503
146.301507
146.254144
146.195949
146.156922
146.120882
146.071529
146.044832
146.047610
146.052832
146.046496
146.047293
146.031608
146.000049
145.978609
145.979216
145.994223
146.017452
146.062258
146.112172
146.159284
146.202601
146.253191
146.296596
146.346667
146.390648
146.447444
146.494638
146.554955
146.600087
146.665304
146.719450
146.781730
146.842467
146.881785
146.924333
146.960054
147.014047
147.051078
147.117135
147.168127
147.203677
147.238025
147.256561
147.282251
147.280988
147.298081
147.297703
147.306879
147.297971
147.309413
147.318085
147.328742
147.347042
147.354849
147.373818
147.381827
147.364066
147.353172
147.325840
147.297881
147.263018
147.232935
147.220956
147.201152
147.199701
147.202347
147.189852
147.158058
147.116999
147.085247
147.032864
146.988810
146.938990
146.870121
146.816636
146.775304
146.751717
146.735726
146.709345
146.677118
146.671505
146.673596
146.691467
146.694046
146.691987
146.672651
146.655600
146.639119
146.611710
146.569749
146.538554
146.518157
146.507194
146.497486
146.475995
146.448260
146.415972
146.393307
146.371680
146.368140
146.369499
146.356132
146.343317
146.316048
146.317586
146.350411
146.356945
146.343334
146.326575
146.306191
146.300121
146.298115
146.304166
146.324772
146.344930
146.370382
146.398209
146.427595
146.468829
146.516497
146.575919
146.610424
146.647579
146.699466
146.751099
146.789682
146.845648
146.906123
146.944590
146.994957
147.050222
147.083019
147.102168
147.110228
147.128755
147.165375
147.221760
147.263854
147.314197
147.362108
147.412392
147.459355
147.519916
147.551014
147.598782
147.619226
147.642375
147.682435
147.721245
147.761974
147.800242
147.831948
147.869998
147.910875
147.955048
147.997563
148.047507
148.089938
148.141497
148.182476
148.222404
148.266416
148.317806
148.371677
148.425799
148.474326
148.492756
148.518520
148.534522
148.539032
148.559061
148.572967
148.577214
148.602608
148.622991
148.652347
148.666990
148.674315
148.682124
148.683926
148.685480
148.683070
148.683703
148.682788
148.682265
148.685939
148.684903
148.684413
148.683508
148.679586
148.682452
148.688806
148.697138
148.693716
148.686267
148.679687
148.668471
148.662267
148.647860
148.625990
148.584859
148.562519
148.524944
148.485911
148.442640
148.406097
148.376350
148.348015
148.310138
148.280059
148.252392
148.207011
148.158950
148.130084
148.104889
148.091857
148.082798
148.082768
148.088795
148.098768
148.112397
148.112417
148.114662
148.112601
148.100165
148.080795
148.056212
148.036252
148.014657
147.992260
147.969661
147.956319
147.934676
147.924667
147.913174
147.887353
147.858204
147.822223
147.785075
147.748832
147.719641
147.695268
147.666893
147.640708
147.623740
147.613114
147.602126
147.577372
147.545939
147.532719
147.500739
147.466491
147.429505
147.378560
147.348434
147.317854
147.281142
147.246999
147.205642
147.165602
147.116609
147.066297
147.026008
146.989046
146.968758
146.940814
146.916365
146.906511
146.916418
146.922502
146.919080
146.917409
146.902735
146.899090
146.868837
146.840951
146.790165
146.746128
146.706237
146.653504
146.604916
146.564804
146.535131
146.493761
146.457333
146.430414
146.402606
146.388766
146.379619
146.379603
146.387562
146.408277
146.429728
146.460592
146.507388
146.533855
146.553219
146.564879
146.587291
146.595705
146.615178
146.633933
146.661165
146.699615
146.733598
146.748302
146.752376
146.769900
146.774450
146.776544
146.775187
146.773849
146.765415
146.766009
146.759895
146.741614
146.739617
146.741941
146.745669
146.737466
146.736729
146.735377
146.725266
146.718429
146.714129
146.709880
146.686891
146.670649
146.645027
146.627337
146.621969
146.600181
146.552233
146.487258
146.439906
146.383546
146.345425
146.296243
146.264883
146.243253
146.205919
146.176388
146.138190
146.093373
146.070216
146.057635
146.036151
146.001220
145.957906
145.918111
145.870419
145.842577
145.826085
145.827461
145.843037
145.875925
145.891508
145.892802
145.905019
145.901048
145.902369
145.907125
145.889504
145.853162
145.806310
145.756526
145.712838
145.681418
145.644090
145.620828
145.562830
145.526041
145.484535
145.421314
145.365500
145.302264
145.245855
145.184967
145.151078
145.111466
145.064183
145.004860
144.965431
144.909324
144.867879
144.821080
144.760973
144.713122
144.679654
144.646586
144.603555
144.560877
144.495147
144.447150
144.387278
144.332311
144.293459
144.239506
144.180530
144.132728
144.083627
144.043721
144.010415
143.988320
143.964038
143.943054
143.920901
143.890976
143.865584
143.835532
143.812948
143.774639
143.730384
143.696818
143.670670
143.632726
143.598530
143.547536
143.509984
143.488790
143.448590
143.413429
143.381033
143.350069
143.307848
143.275871
143.259800
143.246956
143.236222
143.226209
143.224420
143.220982
143.224802
143.225135
143.232396
143.235472
143.235064
143.238750
143.235254
143.230477
143.229273
143.229916
143.230410
143.230472
143.231159
143.231534
143.233981
143.237728
143.239062
143.236924
143.238526
143.236552
143.231095
143.225800
143.227994
143.214550
143.201418
143.193379
143.196855
143.188125
143.187009
143.181216
143.177731
143.179140
143.177088
143.179055
143.181742
143.174325
143.176060
143.177384
143.178631
143.176778
143.177681
143.181320
143.179334
143.179701
143.179639
143.177585
143.177917
143.183646
143.186879
143.191623
143.190257
143.192983
143.193886
143.195941
143.200062
143.201484
143.211202
143.242679
143.256116
143.263289
143.265682
143.280598
143.294303
143.294069
143.312301
143.314805
143.314600
143.319719
143.332097
143.351739
143.377135
143.396464
143.416544
143.446833
143.484020
143.520825
143.540596
143.584339
143.613383
143.621883
143.615588
143.607845
143.582427
143.569286
143.566501
143.550316
143.538474
143.522927
143.511177
143.513569
143.489624
143.485190
143.475094
143.476059
143.460588
143.424660
143.398692
143.400769
143.437096
143.472056
143.519273
143.551664
143.597051
143.662476
143.709466
143.776529
143.842713
143.889041
143.928456
143.965192
143.998424
144.019289
144.053798
144.105547
144.142212
144.175675
144.205261
144.226017
144.249903
144.266734
144.285503
144.303081
144.304851
144.318017
144.326297
144.329176
144.338427
144.354634
144.379905
144.406962
144.439572
144.467502
144.490070
144.520834
144.549056
144.590581
144.607644
144.610768
144.605748
144.614115
144.617294
144.623248
144.625668
144.632421
144.646265
144.675630
144.697268
144.721099
144.746803
144.767376
144.776759
144.793726
144.807218
144.816524
144.830871
144.825362
144.836904
144.827950
144.810136
144.800115
144.764297
144.709023
144.671620
144.604829
144.545235
144.497292
144.451443
144.417469
144.376236
144.315710
144.260692
144.221916
144.159792
144.113919
144.075141
144.030779
144.005203
143.981629
143.948509
143.938011
143.926595
143.902107
143.893747
143.894723
143.876999
143.864565
143.850097
143.836251
143.814877
143.804317
143.797246
143.795475
143.794297
143.786743
143.788011
143.790585
143.787046
143.774046
143.756727
143.747684
143.743695
143.732810
143.728597
143.717507
143.709755
143.701216
143.683636
143.672059
143.661257
143.642757
143.612331
143.573870
143.530808
143.488212
143.447883
143.417898
143.390190
143.364045
143.321847
143.287399
143.243494
143.210191
143.171700
143.117918
143.085626
143.058281
143.025295
142.997314
142.969496
142.933899
142.892163
142.857254
142.815440
142.768382
142.743248
142.722557
142.705559
142.688917
142.665210
142.649906
142.644081
142.632943
142.624991
142.622589
142.616188
142.609818
142.599256
142.592357
142.575265
142.570610
142.570458
142.569494
142.565176
142.558937
142.553833
142.538843
142.522414
142.501247
142.474022
142.455571
142.437647
142.421766
142.409078
142.395956
142.374939
142.355999
142.327856
142.288066
142.247779
142.203791
142.158926
142.123052
142.105639
142.083627
142.053277
142.019993
141.993264
141.961145
141.924319
141.890557
141.870108
141.862972
141.864748
141.866611
141.874937
141.888757
141.901199
141.908981
141.927887
141.948059
141.972212
141.995898
142.008389
142.015778
142.040000
142.058865
142.067654
142.069449
142.078205
142.072464
142.055764
142.035935
142.009846
141.980622
141.956087
141.922566
141.885531
141.851042
141.824248
141.789596
141.757986
141.736737
141.691723
141.661560
141.640996
141.630019
141.628625
141.621862
141.594689
141.572656
141.535032
141.482752
141.452402
141.416983
141.384879
141.363974
141.333578
141.313620
141.279019
141.224976
141.185327
141.141565
141.104276
141.064743
141.015234
140.972620
140.928681
140.882975
140.848956
140.813873
140.759015
140.718257
140.675858
140.635337
140.591611
140.548158
140.511716
140.462304
140.414523
140.356115
140.302231
140.268282
140.214843
140.175951
140.142424
140.118743
140.084986
140.052311
140.021615
139.974843
139.950441
139.901435
139.866611
139.809100
139.759187
139.721609
139.701349
139.666336
139.626854
139.607213
139.594118
139.590660
139.598160
139.631838
139.655761
139.671434
139.711345
139.766893
139.786672
139.831003
139.892679
139.935480
139.972923
140.014005
140.070382
140.114823
140.149907
140.164928
140.164497
140.183806
140.223932
140.252157
140.306907
140.345270
140.384749
140.438488
140.481947
140.509519
140.540542
140.562295
140.587228
140.616412
140.630381
140.643965
140.668602
140.679391
140.703708
140.736998
140.759456
140.772374
140.778818
140.782695
140.783371
140.776499
140.779923
140.777994
140.777935
140.777701
140.778268
140.776913
140.777306
140.774626
140.773644
140.777556
140.785268
140.790836
140.801145
140.815352
140.811883
140.819916
140.830715
140.827150
