143.64677375694865
143.63351716690232
143.62799724119074
143.62810110026467
143.63242391349246
143.60255946547264
143.58475984972597
143.57630163814068
143.57465261039533
143.57805173604822
143.52852144408854
143.4961641551813
143.4769922832923
143.46720755371757
143.46417288305344
143.3985805789299
143.35344483100843
143.32404691214782
143.30581323017483
143.2955857329691
143.22403017772066
143.17342727029813
143.13913034904016
143.1165203067336
143.10241220614876
143.03400176247013
142.98529096434194
142.9521511067949
142.93035453427046
142.91697768634904
142.86671234880592
142.832140106179
142.81017999186898
142.79768343605542
142.79247084841978
142.76348825429847
142.7464975345186
142.73931106669582
142.73970084500337
142.7461037401781
142.7303318863938
142.72531519192017
142.72911056615592
142.73969125114692
142.75561772219922
142.74009776292505
142.7368456687001
142.74347546973564
142.75742895305254
142.77689243355513
142.74625478763903
142.73207596025193
142.7309320602045
142.73908616885151
142.75391336244454
142.7085830600387
142.68253730155695
142.67168508811702
142.67155501327252
142.67903152791834
142.60752360728276
142.5602287954333
142.53213575260688
142.51755309079695
142.51252100153042
142.435778628191
142.38274088924564
142.34869497004604
142.32821610254993
142.3175477341732
142.24557573862077
142.19531821003056
142.16275621500017
142.14311000499904
142.13306389861418
142.0953870394162
142.07184572369482
142.06005755146828
142.05733624292947
142.06181947436167
142.0622003281516
142.07007019091202
142.0844634298352
142.10437402867115
142.1290764241364
142.14862178708827
142.17423202910962
142.20519631237102
142.24064092659643
142.2798969791893
142.28527400106228
142.30224107087042
142.32876317548073
142.3622394873425
142.400788495026
142.3648650804297
142.35015234377528
142.35238235761847
142.3663097367213
142.38823459918666
142.31713742947508
142.27293987146962
142.25016316379632
142.24214850073733
142.2442571411407
142.1607062533002
142.10371651483464
142.06811148240484
142.04753600700533
142.03759007833088
141.9521788747901
141.89173311687173
141.85177961322594
141.82660868058503
141.81225694066885
141.73456589110518
141.67964374026192
141.64375780863966
141.62194874179053
141.61075338064768
141.53792329272497
141.48762738870897
141.4564582877679
141.43957265418317
141.43355596750894
141.36105430183508
141.31230791719284
141.28391858038106
141.27068173582995
141.26890798795068
141.1945199023625
141.14541720635378
141.11811465267658
141.10694227216663
141.10786952954854
141.03018517337313
140.97928240215816
140.95158069942988
140.94096989419188
140.943098391647
140.85586747896113
140.7979451284031
140.76555850014412
140.75188390800324
140.7520512427088
140.6651411664318
140.6075619635767
140.57567243094982
140.5626859191183
140.56376043104115
140.47905114081206
140.42350851288046
140.39375595600046
140.3830808942355
140.38667836729277
140.30175221128525
140.24665313187995
140.2181874904424
140.209458419747
140.21550790402355
140.1424816998259
140.09753158187115
140.0778302629737
140.07698912718692
140.09041249415648
140.06012580489624
140.0502624280099
140.05891742520893
140.08187663926782
140.11611465870942
140.13346079740396
140.16382423751583
140.2063343923501
140.25866642506375
140.31912066127384
140.36190167521823
140.41560049780716
140.47958125715937
140.55171545581973
140.630398911744
140.65890203615558
140.70360360629428
140.76283786094416
140.8325682407805
140.90981886539902
140.9293528495909
140.96643779015696
141.0187024427625
141.08149936485088
141.15148654768205
141.14709144586146
141.1634175121907
141.19730457497644
141.2431797191837
141.2970793434193
141.2682417727095
141.26257068798054
141.27621181318034
141.30309067538298
141.3389232830124
141.2982442160832
141.28025975126505
141.2811225290071
141.29513112122035
141.31828890579655
141.26777323553384
141.2399086603588
141.23106111669185
141.23574291864134
141.2500993439293
141.20110619637455
141.17315884629846
141.1631401828053
141.16614305987537
141.17872350615468
141.14263945024098
141.12468376699223
141.12234152733984
141.13162034832132
141.14970744509222
