300.000000
300.001184
299.994629
299.991546
299.982125
299.976367
299.970819
299.959197
299.946920
299.932210
299.907064
299.891832
299.878535
299.863581
299.847765
299.848385
299.854208
299.854022
299.856796
299.867458
299.885809
299.911000
299.931785
299.949705
299.957815
299.958007
299.968832
299.971415
299.967170
299.965576
299.965125
299.956307
299.939759
299.910911
299.884021
299.833829
299.796081
299.763653
299.730002
299.687819
299.655907
299.607225
299.562435
299.523481
299.492385
299.445513
299.412959
299.377636
299.356426
299.318302
299.288930
299.255956
299.235582
299.224772
299.211078
299.192697
299.182398
299.172549
299.166152
299.164253
299.158250
299.160886
299.174705
299.182204
299.188112
299.186441
299.190161
299.203571
299.207753
299.214215
299.234745
299.269070
299.292011
299.319651
299.348192
299.365852
299.368529
299.382130
299.400598
299.428571
299.453794
299.482281
299.511059
299.529645
299.541614
299.550104
299.552680
299.553723
299.553088
299.566806
299.581848
299.604100
299.617787
299.635045
299.654212
299.671787
299.689307
299.706015
299.721408
299.731555
299.729233
299.728888
299.736397
299.729409
299.717386
299.704842
299.690748
299.684407
299.680713
299.679363
299.675933
299.671549
299.668163
299.653357
299.644178
299.634563
299.626481
299.628715
299.633366
299.641623
299.664485
299.689817
299.717451
299.758172
299.786451
299.803061
299.831456
299.852670
299.865914
299.872093
299.879764
299.890473
299.895401
299.913487
299.922917
299.930207
299.948691
299.960765
299.965427
299.972391
299.988121
300.001267
300.019307
300.037010
300.057197
300.061248
300.085490
300.100998
300.111981
300.123502
300.136755
300.140517
300.157068
300.159262
300.153473
300.133688
300.129257
300.132907
300.127118
300.117263
300.121794
300.115156
300.105374
300.089131
300.070062
300.041840
300.021092
300.009670
299.989253
299.980964
299.988739
299.989185
299.999090
300.013064
300.017089
300.011735
299.992153
299.983126
299.970668
299.960949
299.956819
299.938088
299.919449
299.900958
299.882881
299.874095
299.881577
299.887053
299.882510
299.888195
299.882441
299.890133
299.896043
299.907662
299.921671
299.939713
299.944026
299.953926
299.953089
299.954627
299.967159
299.978760
299.981080
299.968173
299.950016
299.925177
299.907798
299.890528
299.873269
299.854023
299.835345
299.810035
299.793253
299.758215
299.727939
299.692662
299.662610
299.634577
299.596424
299.556564
299.521234
299.480273
299.442016
299.399036
299.349571
299.281918
299.233112
299.167437
299.119668
299.062246
299.018517
298.961580
298.905413
298.862261
298.814683
298.773222
298.709202
298.649921
298.592148
298.548082
298.498067
298.451424
298.407531
298.358393
298.314796
298.273159
298.221032
298.174584
298.127363
298.070411
298.000859
297.952090
297.908548
297.863096
297.802204
297.743484
297.675501
297.614535
297.551122
297.494104
297.434870
297.396812
297.344371
297.280829
297.221159
297.168359
297.125608
297.071792
297.015263
296.978583
296.948635
296.909788
296.864476
296.826736
296.770161
296.731084
296.671747
296.626552
296.575475
296.512052
296.449839
296.409349
296.360130
296.298017
296.248663
296.201133
296.135266
296.085922
296.036344
295.999833
295.956870
295.918621
295.873539
295.837239
295.803341
295.760931
295.725999
295.688683
295.650755
295.596620
295.545216
295.499161
295.436729
295.401177
295.365041
295.329124
295.285326
295.229458
295.184560
295.137391
295.073251
295.012863
294.948777
294.883103
294.821532
294.772956
294.734470
294.666453
294.613875
294.551303
294.508140
294.464898
294.420622
294.372428
294.316987
294.276786
294.225920
294.176525
294.124530
294.087110
294.039759
293.995556
293.945569
293.919730
293.894633
293.881736
293.866440
293.849284
293.828821
293.816999
293.795533
293.756030
293.716053
293.669877
293.635385
293.590233
293.569012
293.539778
293.505130
293.460839
293.410388
293.370422
293.336270
293.301635
293.246816
293.209130
293.161206
293.115628
293.072452
293.013724
292.950016
292.890625
292.843133
292.792837
292.751254
292.692771
292.629309
292.578755
292.514180
292.465882
292.400707
292.342094
292.292379
292.240203
292.197944
292.147230
292.101553
292.056240
292.015228
291.973004
291.925305
291.863225
291.804822
291.748601
291.685419
291.647134
291.603306
291.543518
291.499383
291.451436
291.390538
291.332126
291.290064
291.243337
291.188539
291.150144
291.108587
291.073420
291.028105
290.990269
290.945275
290.887637
290.828765
290.760916
290.697047
290.637252
290.594216
290.534451
290.478514
290.418289
290.361172
290.307324
290.258685
290.197652
290.147167
290.102352
290.046572
289.978799
289.929284
289.890376
289.850623
289.796714
289.745299
289.696479
289.639478
289.594602
289.544883
289.479495
289.420383
289.362893
289.302542
289.245995
289.194369
289.150876
289.083486
289.031640
288.967644
288.913610
288.857435
288.801098
288.739852
288.673449
288.602935
288.553272
288.493025
288.438165
288.405079
288.365400
288.326683
288.282825
288.233878
288.194086
288.144205
288.101063
288.063590
288.018728
287.987490
287.937460
287.903772
287.863962
287.835026
287.809387
287.773875
287.734380
287.699088
287.666301
287.623360
287.575229
287.530341
287.481349
287.439602
287.403227
287.364919
287.321669
287.282736
287.219397
287.179628
287.133956
287.088606
287.047072
286.998773
286.953326
286.916659
286.875644
286.827463
286.773954
286.735701
286.681895
286.643795
286.616116
286.585778
286.561652
286.517921
286.484379
286.442012
286.423445
286.382888
286.337759
286.281565
286.244761
286.210326
286.167165
286.126613
286.076805
286.022599
285.965123
285.921780
285.874655
285.832949
285.768230
285.709500
285.669135
285.636798
285.614518
285.586042
285.539331
285.491333
285.452093
285.403897
285.356554
285.296692
285.264505
285.244062
285.205375
285.179723
285.158159
285.134337
285.111653
285.094601
285.085461
285.067120
285.057856
285.040181
285.019094
285.007594
284.998072
284.974349
284.950464
284.930378
284.892146
284.854237
284.815236
284.780558
284.764764
284.746683
284.735292
284.720483
284.702792
284.687426
284.680031
284.662570
284.638348
284.612357
284.576085
284.540342
284.496522
284.452183
284.420358
284.396296
284.363700
284.325650
284.307049
284.292107
284.267244
284.245615
284.232815
284.208197
284.199771
284.189262
284.186237
284.173936
284.159908
284.143165
284.132579
284.130670
284.119480
284.111103
284.097796
284.089133
284.092473
284.086128
284.075599
284.052969
284.031570
284.010590
283.999963
283.975126
283.958685
283.947883
283.940076
283.930575
283.917662
283.900819
283.890061
283.874452
283.869025
283.861460
283.844248
283.817948
283.777182
283.747040
283.728948
283.719341
283.707860
283.687881
283.679436
283.684622
283.687783
283.699488
283.713470
283.739210
283.748877
283.770238
283.787501
283.795128
283.789738
283.786785
283.775272
283.752975
283.728704
283.700663
283.674155
283.645639
283.608322
283.585813
283.564196
283.533521
283.498779
283.468868
283.420378
283.384252
283.351876
283.313678
283.274778
283.246081
283.228968
283.224618
283.225469
283.233236
283.228828
283.225660
283.215694
283.196199
283.179140
283.150117
283.132221
283.122967
283.109553
283.094669
283.082019
283.070444
283.071247
283.079274
283.089863
283.112213
283.133941
283.167188
283.186683
283.216766
283.250622
283.290081
283.336013
283.378629
283.427210
283.488514
283.534762
283.592343
283.638388
283.678540
283.745459
283.800524
283.847576
283.898420
283.943132
284.008560
284.069209
284.108859
284.160706
284.206466
284.267535
284.311161
284.347765
284.397572
284.446006
284.502563
284.569741
284.614784
284.679751
284.732780
284.792454
284.829310
284.897108
284.933194
284.973753
285.026315
285.086340
285.144991
285.213852
285.285291
285.350154
285.401358
285.443026
285.487856
285.542612
285.595897
285.642152
285.693147
285.750520
285.802821
285.847517
285.911364
285.954734
285.991899
286.042933
286.085832
286.141969
286.194467
286.249768
286.295927
286.344377
286.411339
286.468063
286.512018
286.564145
286.606571
286.660086
286.704033
286.772015
286.829632
286.880663
286.918820
286.975390
287.007782
287.038569
287.090370
287.118958
287.140104
287.171470
287.207489
287.233796
287.254232
287.282953
287.313538
287.359572
287.402166
287.440118
287.492031
287.529528
287.572887
287.603963
287.636802
287.681946
287.719562
287.756520
287.806679
287.857011
287.901119
287.951423
287.992143
288.044909
288.105726
288.153356
288.216082
288.268184
288.310070
288.347191
288.395918
288.445783
288.485464
288.543120
288.608578
288.646576
288.704822
288.755903
288.790559
288.830087
288.887288
288.942784
289.006386
289.039206
289.077513
289.125339
289.160249
289.193199
289.239504
289.273017
289.320271
289.369430
289.404870
289.467113
289.520139
289.583329
289.639804
289.677464
289.713289
289.752056
289.802362
289.831723
289.865861
289.916679
289.965645
290.000279
290.032222
290.054516
290.087545
290.125620
290.157250
290.193734
290.243669
290.295753
290.347369
290.391975
290.435269
290.473657
290.527885
290.577974
290.625129
290.660979
290.722093
290.788223
290.829933
290.874304
290.910684
290.957173
290.998656
291.036791
291.102581
291.143818
291.185565
291.228280
291.281671
291.324583
291.388260
291.448632
291.512425
291.555600
291.594219
291.658032
291.719956
291.776293
291.823952
291.873230
291.938887
291.996364
292.057640
292.124884
292.183805
292.242842
292.298822
292.329819
292.358676
292.391154
292.432510
292.475706
292.508414
292.530631
292.559762
292.582471
292.613680
292.637317
292.647143
292.659043
292.669991
292.669770
292.671538
292.680627
292.697627
292.722234
292.735906
292.740375
292.739363
292.742681
292.741308
292.736610
292.743372
292.741814
292.750868
292.760993
292.777052
292.805771
292.836410
292.879903
292.918264
292.947545
292.985207
293.010586
293.045657
293.075744
293.093256
293.115001
293.132020
293.151996
293.186193
293.218835
293.267202
293.308550
293.342678
293.384114
293.419520
293.445445
293.463750
293.484131
293.498249
293.502439
293.515958
293.534616
293.554628
293.577881
293.605798
293.632033
293.675636
293.725874
293.767063
293.804834
293.847013
293.879405
293.934381
293.983242
294.026177
294.081152
294.131718
294.173563
294.227272
294.281809
294.316067
294.360185
294.411503
294.475049
294.524768
294.566215
294.611672
294.673488
294.742318
294.785035
294.842751
294.886229
294.941528
294.985221
295.041490
295.094125
295.139477
295.183611
295.239237
295.290116
295.325668
295.355924
295.391117
295.432028
295.467449
295.500694
295.537184
295.582626
295.612001
295.662355
295.704267
295.742208
295.786023
295.829627
295.884457
295.948568
296.004365
296.047634
296.100425
296.169500
296.209178
296.257850
296.299703
296.361933
296.409791
296.456436
296.514386
296.572148
296.631259
296.683750
296.744533
296.812192
296.868470
296.930204
296.987736
297.034265
297.092640
297.146961
297.190307
297.229271
297.267295
297.304555
297.343762
297.373847
297.412769
297.445036
297.464718
297.483670
297.486949
297.490855
297.484115
297.479179
297.478903
297.478294
297.487274
297.484968
297.490434
297.494349
297.506108
297.510920
297.532313
297.536726
297.550462
297.581490
297.625040
297.648166
297.674961
297.713461
297.756490
297.793507
297.829076
297.879566
297.908097
297.932722
297.958983
297.988418
298.014284
298.044781
298.073887
298.090712
298.101341
298.113880
298.122040
298.132766
298.135784
298.153725
298.183667
298.209062
298.242244
298.264530
298.273692
298.276897
298.276792
298.267842
298.239702
298.218276
298.198012
298.171221
298.144054
298.109741
298.081078
298.057142
298.028474
297.988685
297.951868
297.929979
297.893282
297.876114
297.861332
297.851008
297.827016
297.810278
297.802692
297.793377
297.789940
297.794585
297.790517
297.789390
297.784244
297.776195
297.761805
297.739180
297.702804
297.670886
297.632806
297.590792
297.542151
297.482043
297.420393
297.374150
297.334211
297.296611
297.263138
297.238506
297.212168
297.180598
297.152803
297.120737
297.073873
297.051742
297.009235
296.961085
296.928274
296.883366
296.847704
296.821679
296.789209
296.758491
296.710931
296.670318
296.641029
296.613240
296.581895
296.548116
296.488809
296.437349
296.376041
296.321910
296.269627
296.214169
296.167042
296.126061
296.061962
296.010323
295.955399
295.891533
295.830565
295.763042
295.715805
295.667341
295.606746
295.556263
295.513069
295.461923
295.398626
295.332074
295.288708
295.245181
295.201228
295.154001
295.113890
295.080521
295.059757
295.047466
295.024053
294.985322
294.956345
294.921347
294.892747
294.872825
294.845376
294.831847
294.828376
294.835909
294.834096
294.827733
294.814321
294.788586
294.775438
294.768365
294.767755
294.775650
294.781789
294.797864
294.804845
294.802682
294.784601
294.772367
294.769554
294.767401
294.772388
294.769548
294.770553
294.763254
294.766815
294.760798
294.762244
294.759785
294.744372
294.736625
294.725268
294.720542
294.710871
294.703866
294.691866
294.691005
294.677933
294.659901
294.640737
294.635305
294.619753
294.609328
294.600336
294.590942
294.587159
294.577221
294.578785
294.592717
294.620707
294.635753
294.641516
294.663133
294.687097
294.711518
294.747496
294.776730
294.804451
294.832233
294.849518
294.852678
294.848717
294.856310
294.875791
294.897339
294.908799
294.926230
294.953318
294.980593
295.012867
295.055867
295.085376
295.108706
295.142582
295.157523
295.165033
295.163034
295.159756
295.145807
295.137079
295.126114
295.119771
295.120290
295.130674
295.128158
295.111101
295.101356
295.102342
295.110167
295.125837
295.140571
295.160366
295.170211
295.194271
295.205172
295.207112
295.224988
295.243240
295.262088
295.287932
295.299500
295.316895
295.341242
295.356924
295.374440
295.384570
295.388225
295.383227
295.388050
295.376907
295.363114
295.348548
295.330724
295.300414
295.263992
295.228528
295.203409
295.167390
295.143254
295.120490
295.103351
295.074597
295.059702
295.056466
295.045140
295.026559
294.999380
294.983300
294.972892
294.966538
294.947783
294.931391
294.911809
294.879349
294.861072
294.848268
294.820221
294.777186
294.743085
294.714035
294.679724
294.642903
294.618544
294.599075
294.589864
294.570376
294.554087
294.545322
294.527491
294.508927
294.495540
294.490628
294.483322
294.470869
294.455132
294.426679
294.406322
294.377803
294.364632
294.346556
294.336700
294.334694
294.327160
294.325143
294.326135
294.327296
294.342149
294.354020
294.377820
294.400118
294.418586
294.439955
294.460485
294.488790
294.520803
294.564739
294.613181
294.663317
294.709086
294.754603
294.798776
294.853744
294.911016
294.965030
295.015850
295.061339
295.109830
295.152806
295.194100
295.253622
295.293880
295.356932
295.423382
295.470675
295.527846
295.582038
295.624149
295.670787
295.726316
295.795072
295.849561
295.910149
295.961707
296.010810
296.054852
296.110446
296.141294
296.192207
296.233367
296.267223
296.322730
296.363688
296.391388
296.422897
296.462723
296.505518
296.530217
296.560081
296.593573
296.646742
296.688554
296.743185
296.784348
296.843110
296.890254
296.930450
296.976415
297.034353
297.086900
297.139879
297.202388
297.243103
297.285228
297.318237
297.367134
297.410555
297.451018
297.496334
297.520400
297.549404
297.570988
297.602733
297.640908
297.669067
297.712334
297.751605
297.793042
297.833570
297.883999
297.924268
297.967724
297.995600
298.037547
298.079387
298.133622
298.163122
298.198672
298.225340
298.255636
298.275009
298.283965
298.281796
298.283916
298.294369
298.303953
298.311886
298.315019
298.312927
298.318454
298.336744
298.356309
298.390410
298.431160
298.473024
298.516301
298.553349
298.580421
298.596596
298.617938
298.641628
298.673820
298.708147
298.740448
298.765478
298.796757
298.841270
298.882962
298.914338
298.947806
298.995637
299.042571
299.103634
299.172078
299.232217
299.286709
299.351179
299.401784
299.454911
299.509379
299.554849
299.590812
299.642125
299.687082
299.750768
299.787200
299.834788
299.879430
299.933181
299.974186
300.023764
300.082309
300.128475
300.196356
300.243155
300.286762
300.345276
300.412314
300.462436
300.523361
300.582533
300.635031
300.679819
300.729764
300.778000
300.844162
300.900718
300.951641
300.995062
301.044996
301.092622
301.128829
301.182359
301.216125
301.247712
301.262800
301.274843
301.293377
301.310505
301.338366
301.353730
301.374469
301.383164
301.381506
301.389102
301.392113
301.399890
301.403712
301.406213
301.397250
301.399289
301.401600
301.409931
301.405443
301.391953
301.387189
301.396236
301.400161
301.393576
301.392943
301.395205
301.408707
301.413865
301.409698
301.395850
301.394048
301.386691
301.375089
301.372233
301.361874
301.360259
301.362014
301.362080
301.364136
301.349770
301.346325
301.350838
301.357706
301.377033
301.396113
301.427368
301.452281
301.471758
301.485196
301.487786
301.502309
301.513082
301.525665
301.531875
301.524889
301.512918
301.509137
301.515699
301.514110
301.521161
301.518636
301.513090
301.507656
301.503279
301.506751
301.499383
301.491919
301.482014
301.462647
301.426870
301.395857
301.361117
301.321400
301.281333
301.243022
301.212935
301.165130
301.115359
301.078341
301.044374
301.009280
300.958600
300.925905
300.898863
300.868317
300.827648
300.785481
300.760162
300.736912
300.717471
300.694376
300.660656
300.630168
300.581904
300.545082
300.510707
300.465063
300.420826
300.377192
300.313831
300.273852
300.210959
300.162677
300.096077
300.040220
299.971773
299.913175
299.846646
299.798759
299.749173
299.694507
299.637294
299.580982
299.538549
299.500272
299.454670
299.403697
299.347650
299.289567
299.239782
299.175618
299.108646
299.044211
299.008073
298.954268
298.890425
298.841164
298.790948
298.754496
298.711841
298.657200
298.603118
298.537431
298.492717
298.428842
298.375304
298.308514
298.263601
298.215596
298.153542
298.086547
298.047345
297.987087
297.945316
297.880299
297.812238
297.766704
297.715161
297.649367
297.593331
297.536532
297.470222
297.404934
297.359729
297.301424
297.257765
297.197020
297.138106
297.084997
297.056936
297.034129
297.003884
296.969687
296.915215
296.877479
296.837464
296.798493
296.761729
296.711494
296.675393
296.642958
296.595086
296.558774
296.511009
296.468249
296.413951
296.370933
296.339958
296.314139
296.291115
296.268554
296.246966
296.230923
296.213124
296.197445
296.187172
296.169085
296.162689
296.149465
296.127291
296.106088
296.087731
296.066202
296.044187
296.016876
295.990373
295.969355
295.934125
295.913375
295.903396
295.885747
295.852829
295.837114
295.829262
295.834553
295.826218
295.811897
295.811273
295.809152
295.808584
295.801307
295.795123
295.785575
295.774579
295.754762
295.729388
295.702707
295.662782
295.617378
295.582980
295.546295
295.481443
295.418749
295.357781
295.312836
295.271866
295.223594
295.167092
295.109525
295.054140
295.005779
294.947892
294.901106
294.849378
294.813464
294.769098
294.723772
294.677915
294.624527
294.577294
294.514627
294.478534
294.435073
294.393931
294.326897
294.289285
294.252187
294.214184
294.173958
294.132958
294.098614
294.059702
294.027472
293.992651
293.973353
293.954344
293.929955
293.905407
293.879046
293.858271
293.840986
293.805036
293.785415
293.780852
293.783794
293.794588
293.796751
293.811639
293.835057
293.871257
293.899899
293.922193
293.942329
293.954912
293.956148
293.949363
293.933871
293.929503
293.906643
293.884575
293.850730
293.829583
293.801182
293.758256
293.732906
293.689772
293.657833
293.616695
293.552028
293.494810
293.446335
293.395879
293.344167
293.277373
293.229115
293.180429
293.126866
293.058573
293.004246
292.945456
292.898391
292.849496
292.799939
292.742859
292.675563
292.610285
292.567937
292.506980
292.454689
292.415013
292.373773
292.327567
292.292658
292.269291
292.236925
292.193952
292.158119
292.123243
292.083583
292.055244
292.027233
291.977020
291.934928
291.902760
291.874167
291.849185
291.810567
291.781773
291.756929
291.721357
291.688926
291.658389
291.631831
291.581802
291.545744
291.522452
291.492644
291.458992
291.423254
291.373459
291.320886
291.265246
291.215978
291.156773
291.090526
291.040864
291.000275
290.932867
290.891982
290.833101
290.796448
290.763969
290.722058
290.685116
290.642290
290.593425
290.530784
290.469627
290.435648
290.390906
290.355912
290.303897
290.254690
290.211971
290.184121
290.148765
290.099577
290.061040
290.039760
290.017235
289.988489
289.959579
289.929158
289.897574
289.863281
289.830201
289.785249
289.752476
289.722464
289.680283
289.647910
289.609234
289.573191
289.537837
289.488122
289.431483
289.387641
289.324332
289.255268
289.192273
289.156861
289.106274
289.067122
289.026991
288.965589
288.906724
288.864020
288.812906
288.765342
288.702635
288.657011
288.611699
288.557176
288.503253
288.451534
288.387838
288.325510
288.284295
288.258056
288.229202
288.175516
288.131435
288.095735
288.047848
288.003723
287.960854
287.906494
287.855254
287.810161
287.755717
287.693633
287.641337
287.597604
287.569743
287.540173
287.494827
287.468011
287.442785
287.422737
287.402160
287.392644
287.388918
287.392992
287.403996
287.423926
287.458024
287.499533
287.525059
287.544386
287.569198
287.591612
287.609425
287.621472
287.628352
287.641310
287.645757
287.643325
287.652029
287.671920
287.692768
287.722166
287.753368
287.770873
287.805136
287.847933
287.882881
287.907292
287.925184
287.950677
287.975239
287.984364
287.982493
287.987189
287.997124
288.021975
288.057627
288.099472
288.125291
288.151428
288.172637
288.195809
288.221088
288.237873
288.256385
288.277552
288.287657
288.284230
288.279180
288.286932
288.299789
288.313709
288.324241
288.340075
288.352805
288.373827
288.384111
288.397842
288.399439
288.391886
288.391027
288.376837
288.361422
288.339592
288.305817
288.276333
288.253243
288.212203
288.175805
288.154447
288.115349
288.084992
288.053347
287.994423
287.928407
287.888693
287.842575
287.801423
287.744057
287.700566
287.637944
287.591786
287.555476
287.516944
287.482876
287.439538
287.390962
287.325019
287.274055
287.228760
287.161222
287.109716
287.047020
287.006682
286.961292
286.902421
286.851883
286.809168
286.757282
286.719585
286.692098
286.660572
286.609552
286.555324
