292.46207
292.4159
292.37366
292.3347
292.2985
292.26465
292.2327
292.20248
292.17377
292.14493
292.11517
292.08472
292.05365
292.02243
291.99075
291.95908
291.9277
291.89642
291.86505
291.83365
291.80258
291.77063
291.73785
291.70496
291.672
291.63907
291.60596
291.5714
291.5345
291.49435
291.45078
291.403
291.35056
291.2943
291.2357
291.17432
291.11188
291.04837
290.9855
290.92517
290.86786
290.81412
290.76376
290.71613
290.66974
290.6231
290.5769
290.53107
290.4861
290.44128
290.39606
290.35083
290.3065
290.2632
290.2204
290.17816
290.13773
290.1
290.0652
290.03314
290.0035
289.97586
289.94955
289.92377
289.8971
289.86963
289.84103
289.8109
289.7791
289.74536
289.70996
289.67303
289.6341
289.5923
289.54803
289.50052
289.44843
289.39175
289.33237
289.27133
289.21014
289.14996
289.09015
289.03055
288.97217
288.915
288.859
288.80334
288.7484
288.69452
288.64127
288.58832
288.53552
288.48196
288.42715
288.37186
288.3179
288.2667
288.21738
288.16992
288.12463
288.08084
288.03833
287.99692
287.95532
287.91315
287.87036
287.82617
287.77933
287.72995
287.67865
287.62714
287.57712
287.52856
287.48242
287.4397
287.40118
287.3676
287.33954
287.31763
287.3028
287.29565
287.2969
287.30765
287.32867
287.3587
287.39566
287.43796
287.48407
287.53186
287.57904
287.62366
287.66446
287.70016
287.7296
287.7529
287.77115
287.78583
287.79895
287.81213
287.82593
287.84155
287.86072
287.88425
287.9115
287.9414
287.97333
288.00665
288.0396
288.07007
288.09677
288.1193
288.13852
288.15594
288.17343
288.1917
288.21133
288.23212
288.2541
288.27734
288.30133
288.3257
288.3502
288.37393
288.39548
288.41333
288.4274
288.4382
288.4464
288.4525
288.45767
288.46228
288.46735
288.4731
288.48
288.48752
288.4944
288.50012
288.5037
288.50427
288.50082
288.49185
288.47662
288.4554
288.4276
288.39362
288.355
288.31235
288.26675
288.21924
288.16916
288.11542
288.0591
288.00107
287.94238
287.88297
287.82343
287.7631
287.70264
287.64328
287.58575
287.53094
287.47873
287.42865
287.37894
287.32925
287.2797
287.22873
287.1764
287.12204
287.06674
287.0113
286.95523
286.89874
286.84286
286.78757
286.7335
286.68225
286.63446
286.58923
