292.28752350383996
292.24422657510297
292.204996676854
292.1693402855071
292.1365096880706
292.105275202031
292.0765573011446
292.049926834467
292.02499866653534
292.00158188019867
291.9751852457664
291.95089090076794
291.92826749348484
291.9071373114107
291.88741397416305
291.8622833350166
291.83941344103727
291.81864748707227
291.7996036388199
291.7821113362894
291.75621757873296
291.7332062850194
291.7129189994154
291.69501570232666
291.678924192494
291.650323482827
291.62547894431015
291.60380407065276
291.5848581568466
291.5683209902641
291.5307356204416
291.4979682952598
291.469867711501
291.4456624978525
291.4246951730598
291.3745109218595
291.3313416380187
291.29438568958136
291.26257790189555
291.2350154073978
291.1783454750026
291.12887207382806
291.086322307889
291.0494791491229
291.0173148360372
290.9545982768748
290.8991926891848
290.85122736844426
290.80937469769304
290.7725166837019
290.7078568410325
290.64984718741994
290.5991826172781
290.5545316622923
290.5147746786527
290.4522077721273
290.3947053969387
290.3439439927376
290.29869057584915
290.2579058307172
290.20389223262885
290.1517878060493
290.10518476446026
290.06306690043317
290.0245814140146
289.97776379695335
289.9300466134896
289.88700057299695
289.847770674748
289.8116438679428
289.7692487063825
289.72503350466326
289.68495850917003
289.6482815088465
289.614374732888
289.5710068291871
289.5257270030099
289.48493180420104
289.44783280544885
289.41376372240245
289.36631613376267
289.31808506955264
289.27498841125634
289.23613044382586
289.2007552013668
289.1487872227798
289.0975355961538
289.05199937979694
289.01118492421494
288.97425153371177
288.91742919771195
288.8633825880125
288.81544367656073
288.7725478388987
288.7337966090107
288.67245168228965
288.6150444905798
288.56413618470924
288.51858786409497
288.47744164182143
288.4179063015824
288.36219150513506
288.3124749184254
288.2676968687369
288.2269676931503
288.1689024699924
288.11368724925984
288.0642292535038
288.0195144760699
287.9786906671981
287.9205407142384
287.8645535719995
287.8143759231214
287.768987708821
287.72753062720955
287.67571312654985
287.62462655797935
287.57854702552305
287.53659421955155
287.4980300554598
287.4609824998016
287.4221677225623
287.38650142773196
287.35344387546917
287.32254803354016
287.31309158244267
287.2975879543844
287.28189588504614
287.2660981785523
287.25027626354364
287.2644773084471
287.27034704799814
287.27336898589795
287.2741428330816
287.2731830204887
287.30126489766786
287.31998413174443
287.33494059234863
287.3469348110497
287.3566410500046
287.3974293713944
287.4280468154031
287.45432845939007
287.4771895502731
287.49739898349424
287.54796974564124
287.58916080868653
287.62563671327916
287.65839055871976
287.6882572636726
287.73725474745373
287.7802193593056
287.8193991899444
287.85563548525977
287.8896308423747
287.9349145199066
287.9788843353166
288.01973455347724
288.0581655707375
288.0947616926139
288.1345335314785
288.17616172327416
288.2155258687416
288.25314259959464
288.2894416169711
288.3190326749712
288.35243162231217
288.3851554822061
288.41741277799633
288.44937131870614
288.4683992113465
288.49327566108747
288.51880904188937
288.54493057956245
288.571573700691
288.5815833713712
288.59872575082403
288.61741802541815
288.63738894974904
288.6584052417649
288.65520311548784
288.65943245306374
288.6668314554992
288.6768158172776
288.68888816345833
288.66558581737354
288.6516296085858
288.6431225164043
288.63904668282
288.638537203622
288.5964198897884
288.564815123511
288.5406055083143
288.5223924522747
288.50899083855353
288.44904560414324
288.3997636703131
288.35966336591804
288.32700497905284
288.3003172922493
288.22810549334633
288.16627859710314
288.1144454159282
288.07070228024776
288.0334448257623
287.9534681457341
287.883182574339
287.82297049607234
287.77090348265205
287.72535626242484
287.6417598592391
287.56565654158044
287.4993898587405
287.4410723718545
287.38911622242813
287.30735581501335
287.2297485433721
287.16129181523223
287.1002307883667
287.0450909441461
