151.967463
144.195461
137.629984
150.839117
155.182563
146.133239
149.983024
147.687995
151.832846
146.978192
152.465166
144.284929
146.974703
152.793310
157.367602
152.181638
159.683105
151.808815
144.943140
147.203577
147.818241
159.823096
144.749759
147.013253
138.364987
145.769084
138.743553
153.635374
151.037004
146.294178
158.709032
152.683466
153.167140
153.907236
150.594846
145.810989
145.234839
153.937181
151.559173
152.466796
141.451053
149.410964
149.411510
153.276124
150.048050
149.964679
146.588064
152.926490
160.962062
151.621232
154.625807
152.192253
142.363891
154.465945
151.895303
151.856357
147.277073
150.556826
162.096816
154.529353
148.558742
148.668486
150.786544
143.667480
141.359754
151.306169
144.256288
145.030652
148.668063
151.030700
149.247473
146.815156
153.363703
149.940605
151.839653
147.778153
155.172985
145.472497
149.713059
145.994221
153.107807
143.148384
142.028752
143.359583
146.227195
141.361590
143.047531
151.356075
148.535963
149.796677
147.469011
155.740334
155.703182
149.514861
143.492561
145.399766
156.525139
151.629733
139.363631
141.726200
144.269345
149.385670
148.741022
155.297965
152.090997
153.587203
154.714734
149.942986
146.231280
154.701515
143.981862
154.267894
154.828889
141.916385
140.717584
147.105041
147.534747
152.127990
145.472126
143.386067
147.480864
144.338319
150.270410
155.144696
149.816039
144.650462
154.946254
145.885112
151.295974
150.589932
143.290148
142.964563
145.367820
155.510568
152.946521
143.898257
142.555642
152.200201
145.352895
148.831887
147.940272
149.065784
143.298925
147.441781
146.476185
148.413433
148.953812
147.779456
157.145989
140.160418
135.593526
155.587753
150.534717
154.612437
149.757207
144.746917
152.365309
151.837601
149.677396
144.655930
152.398393
143.226075
146.785465
146.040703
143.944410
146.722084
148.199887
141.647120
142.438009
153.576551
148.768639
139.438618
150.738815
150.200412
135.929549
147.051334
144.306244
152.666625
145.837903
147.851562
148.805514
149.457865
145.692302
145.880889
147.584812
149.878500
147.242421
148.818285
152.113784
152.115267
145.193568
148.931540
142.273072
140.366569
148.239184
147.104294
154.262834
147.637925
149.361445
150.616450
145.895627
149.023595
144.449776
150.739871
146.714769
147.243661
154.464276
137.395849
139.915832
136.567648
137.616646
154.011029
150.160006
137.945242
148.742843
152.310577
155.444332
139.355412
135.697770
149.643277
