169.331543
176.214786
169.308569
170.693145
167.478665
158.517910
162.492461
175.935445
168.842398
169.649594
175.800492
163.621345
175.272331
170.419036
167.833827
164.345095
162.641538
170.994956
166.841634
176.900177
163.814488
167.023721
166.960685
159.704691
167.267688
166.171227
165.101173
165.844214
164.307424
172.844250
167.474431
166.301530
160.833403
166.844502
169.725170
162.816230
165.929404
168.201704
168.583791
177.094726
169.934801
164.832948
159.262497
169.911332
165.855040
165.562106
165.049983
167.884313
159.034855
168.096241
165.717512
163.202538
162.271317
170.310134
168.743653
166.687418
179.523093
163.877892
161.047656
166.613903
168.458217
166.173855
167.514610
162.262698
170.030043
169.265455
170.836601
160.959952
166.941382
159.759374
160.845875
164.696202
164.828522
165.496627
160.496018
174.128326
169.731664
166.433749
160.872306
163.647037
159.390043
161.458824
167.834371
164.680626
165.765714
161.281240
168.279251
169.818307
182.551592
169.207137
164.562351
160.761329
163.129196
164.075655
175.627096
176.488391
165.596029
163.288628
171.921888
166.999034
162.693529
156.381711
158.284299
176.964647
167.081107
169.336660
162.084480
167.854473
164.721154
162.503800
168.166215
158.547733
165.822796
161.232162
177.558335
164.879673
161.967004
157.929716
162.926632
162.852065
173.372091
173.568036
169.329114
167.213054
167.869400
175.514155
166.917478
167.246276
164.960213
169.963312
160.568684
168.381294
168.037967
176.731698
161.943657
168.483350
169.143764
167.654754
171.790401
178.329871
167.744100
171.424824
167.120243
163.729760
171.737002
162.853599
168.829115
158.056218
167.363968
169.734743
167.998513
173.278977
176.124085
164.705984
175.362898
175.361853
170.196248
167.060965
171.163245
169.380153
155.678579
169.176663
178.037560
168.914206
158.669973
162.720368
161.214284
169.133108
168.833179
166.613996
159.060570
168.757337
169.982637
177.953584
172.555252
165.963365
171.362649
171.271818
173.583514
164.090681
168.374218
170.111649
162.036066
162.645623
161.696974
162.020692
158.859350
171.648677
166.166536
162.176643
169.626732
157.472784
175.250979
163.903621
168.781205
168.758420
162.832497
162.757830
166.972825
173.433763
173.597713
166.091600
165.501366
169.194173
169.759110
162.946622
175.156254
159.313339
164.691720
161.503055
178.200517
167.842408
172.565043
162.255611
162.424978
167.538963
175.399210
163.619814
169.192331
156.819296
