295.328177
287.517314
280.913846
294.085224
298.396388
289.315364
293.109211
290.746983
294.840826
289.926125
295.324336
287.085853
289.739918
295.503315
300.043838
294.821804
302.296334
294.414396
287.549148
289.798379
290.403753
302.373475
287.278960
289.506496
280.825187
288.161108
281.084771
295.930682
293.276902
288.460921
300.818954
294.731943
295.153150
295.836463
292.473739
287.632872
286.990958
295.647169
293.235026
294.092301
283.047075
290.967042
290.956153
294.824681
291.584730
291.492771
288.093967
294.393013
302.382157
293.002197
295.988156
293.542012
283.701691
295.773704
293.195497
293.151508
288.568389
291.844701
303.375742
295.819128
289.871821
290.000805
292.111185
285.010835
282.689475
292.620403
285.562934
286.325195
289.931330
292.271693
290.478030
288.011740
294.548611
291.114081
292.999335
288.914023
296.266038
286.518908
290.729722
286.957507
294.007585
283.991761
282.831787
284.106878
286.940434
282.036225
283.661942
291.904915
289.032457
290.229475
287.843177
296.023959
295.915612
289.649099
283.545063
285.370788
296.426220
291.464173
279.133046
281.452308
283.982933
289.080513
288.389197
294.905408
291.667004
293.131070
294.225160
289.418508
285.662508
294.085953
283.337192
293.593210
294.111943
281.160238
279.931181
286.298332
286.707808
291.283585
284.624230
282.547103
286.667099
283.541511
289.481272
294.358345
289.036122
283.869779
294.184031
285.175653
290.623673
289.936058
282.660367
282.383835
284.830254
295.005797
292.451875
283.418078
282.116197
291.777922
284.969246
288.487839
287.661217
288.842367
283.114896
287.288492
286.327362
288.299134
288.902995
287.776894
297.188645
280.257953
275.750506
295.816414
290.807648
294.921810
290.103108
285.127937
292.782161
292.298723
290.202572
285.237291
293.037140
283.911782
287.527344
286.836906
284.799178
287.631627
289.167568
282.681785
283.517900
294.701233
289.935997
280.652053
292.008994
291.506724
277.268499
288.436595
285.738127
294.144331
287.361415
289.416571
290.426753
291.137207
287.415857
287.629360
289.338923
291.618796
288.968057
290.526094
293.795226
293.787371
286.872670
290.600198
283.928151
281.994175
289.812058
288.605663
295.718633
289.046869
290.725631
291.923665
287.173515
290.259111
285.652419
291.928199
287.895196
288.417554
295.619676
278.526149
280.999934
277.605719
278.614204
294.944804
291.056296
278.777781
289.526723
293.048332
296.129508
279.999078
276.312450
290.239319
