0.000000
2.733944
6.632569
13.032963
20.503251
27.872893
34.644168
42.892538
53.247323
62.292999
68.607924
74.494013
80.072847
85.111475
91.169519
96.233231
98.212008
102.761491
105.201900
106.573761
109.234848
109.534797
109.279520
111.795430
113.668507
111.922758
112.027440
112.673525
112.466637
112.437530
114.928367
114.653202
114.485435
116.037615
115.537680
115.781564
116.717646
118.374643
119.905656
119.495407
118.865114
118.393043
118.896100
120.677710
120.102673
118.699328
118.997184
119.192368
120.485147
122.132378
122.344127
125.689631
126.138360
124.736605
125.534948
125.209508
124.594832
125.844436
124.652311
127.738132
128.183591
129.320749
130.468255
130.023156
131.152019
129.672668
130.248609
129.034820
127.376424
129.720168
131.407583
132.272947
133.915639
135.777585
134.822232
132.877524
132.934907
134.223583
133.742983
135.418427
137.355568
135.413933
136.007571
134.826163
134.433415
134.754788
133.877901
136.776638
138.606354
137.801567
137.625379
137.207398
136.611247
135.594101
137.348879
136.247419
136.358869
137.866202
137.167250
139.400536
139.083059
140.280135
139.416964
141.301994
140.443248
143.139927
141.714866
140.284577
139.577420
140.206352
142.158147
140.323338
139.585131
138.015282
139.150680
138.493995
138.093278
138.120335
138.255794
139.128412
139.989711
137.790716
137.755031
137.449579
137.228836
137.014622
137.991227
138.269102
136.900327
136.605662
135.417463
135.975407
133.725243
136.110972
134.424818
133.813103
134.985992
135.553738
135.555988
134.977812
135.676174
134.860420
134.754476
133.836231
135.895833
136.447898
134.474097
135.495983
135.666331
134.486402
133.403954
130.533190
130.252683
131.275420
133.056175
132.241722
131.624368
132.670240
133.165008
133.016130
133.609301
132.762074
130.529988
131.879824
132.726777
135.056079
135.720168
137.004627
136.492848
136.427908
138.187224
139.445769
138.704712
139.205960
140.074461
139.589406
137.754125
137.723442
135.924443
137.531346
137.904769
136.831936
138.966053
139.241980
137.629933
137.031478
137.625789
138.254799
139.698564
140.491849
138.979371
139.660154
138.765942
139.840280
142.160206
143.722111
142.756226
144.581022
145.102948
145.258443
143.185484
142.332231
142.417307
143.225467
140.763731
140.637783
141.370246
140.561586
142.239129
144.537846
144.512308
143.383004
141.642404
140.907397
138.670728
139.000499
138.504093
138.648525
136.789833
137.265410
138.476442
139.263295
139.095168
137.466213
136.150895
136.087539
137.001509
136.355635
137.785656
137.389292
135.829605
137.125186
137.463466
136.618413
136.453317
135.566256
133.906920
133.717745
131.935838
133.324047
133.651613
131.666636
130.310546
130.153145
130.432055
131.848201
132.564527
134.303884
133.014665
134.240485
135.242447
134.708123
134.422431
135.309586
136.067804
135.291348
136.516333
138.021832
138.223196
137.893097
137.214713
136.985799
137.326389
139.331990
139.155261
140.897162
142.087454
142.620649
141.411097
141.862987
143.864712
146.310765
145.697934
147.520410
148.746759
145.362522
145.174687
147.489386
146.212020
143.823119
144.086023
143.890067
143.824174
144.211568
145.418682
147.837802
146.850165
145.578147
145.874685
145.380227
144.828331
144.470771
145.096209
145.728600
148.042970
146.459975
147.489480
146.866615
145.276261
143.929920
145.111322
145.952972
144.551199
143.045973
144.731204
143.971248
146.137081
144.733196
143.210314
143.369152
144.801299
145.442538
143.239319
143.759494
144.855916
145.633499
146.411663
148.509620
146.402511
148.511584
149.961829
151.731902
151.294889
151.647599
151.406377
149.524627
150.161960
151.324925
149.688937
148.546672
150.755721
152.091067
153.882642
153.172624
155.564887
154.876142
153.760943
153.461041
153.819107
153.593392
155.349267
154.052611
153.684176
154.112779
154.002153
152.802753
154.375535
152.300168
153.311151
153.742334
154.326915
152.781481
154.880258
154.123921
154.844371
152.215352
154.214674
157.542540
158.716132
159.601156
160.361825
162.066207
161.335631
161.978671
160.953682
163.082513
161.061518
161.626320
162.494556
161.731465
163.296405
163.812744
162.848321
163.172245
161.334927
160.293691
159.710367
158.904385
159.498349
158.798040
158.344963
158.433332
158.069340
159.581991
159.213823
157.314782
158.282713
156.806381
159.691414
159.549323
157.428635
157.422718
158.211377
161.037706
158.964917
158.949043
158.416379
158.721889
158.839172
158.860163
159.936925
158.677995
159.387424
158.676111
157.570209
158.428518
157.170594
156.006057
154.014935
151.993669
151.210374
152.031310
150.598702
150.647130
151.912187
152.613166
154.696657
154.446945
155.508387
156.251280
154.726617
154.966056
154.589347
155.366253
152.355871
149.359954
149.162216
148.872514
148.890100
148.707639
148.570608
150.340914
149.792802
149.622488
148.662154
150.233367
151.142103
151.712739
153.710945
153.361865
157.186038
155.666673
158.206919
158.421974
158.603926
161.712363
160.279068
157.649825
158.480501
156.281220
158.373389
158.458652
156.409790
155.166772
155.712742
155.680469
156.239707
156.022463
154.170687
155.202611
155.768374
155.604678
157.604622
156.830409
158.540521
160.740888
161.464909
163.228812
163.643690
161.873188
158.232442
160.623551
161.063110
159.796566
159.343821
160.410203
160.753839
162.702937
163.373501
163.229926
162.780926
161.163313
160.760256
162.587831
163.084916
163.013290
160.762371
163.021990
166.177568
167.791188
167.585118
169.701672
169.465557
167.315529
167.713675
166.324388
166.768823
164.479241
162.068928
161.353286
159.656184
161.464969
159.388461
158.349433
157.437411
157.763612
157.130958
157.201878
156.176738
158.062194
157.043084
157.755680
159.652115
159.938658
158.040813
157.814526
158.233515
158.667498
159.313924
156.884819
154.626517
153.822509
154.832762
154.755708
154.711975
156.992963
156.952125
157.159097
158.445761
158.774398
158.591678
156.766821
154.520304
155.556305
157.890830
157.097567
156.525914
155.850623
155.967554
157.229264
157.683609
156.585005
155.842839
157.122359
157.574492
156.152833
155.527046
157.268416
158.103738
159.320340
159.316260
158.251649
159.254791
157.461468
155.585086
157.390244
158.657519
156.550204
158.520051
156.545984
156.331329
160.452618
165.190075
166.788006
166.192133
165.438145
164.586720
164.290742
165.276230
163.705893
162.156867
163.875448
163.757912
165.354500
165.872186
167.003369
168.322528
169.733888
168.705225
168.956328
169.069904
165.422329
165.481800
165.891047
164.974932
167.301059
167.839816
166.180039
165.020163
165.240769
166.449006
170.028619
171.328127
171.261563
170.527073
171.244194
172.531336
175.267551
175.164545
173.985045
173.879211
176.462449
179.003418
179.000298
178.918339
181.359130
180.702121
180.114872
180.289077
178.934502
178.069140
177.418498
179.005802
179.001199
179.790655
180.388474
183.553552
182.419432
182.358415
182.353037
182.222603
180.883320
180.003993
179.519751
176.994782
177.517895
179.683278
177.377339
175.633285
173.369561
173.903545
173.117045
170.396727
168.819212
168.892204
168.976252
168.032770
166.873321
168.691195
169.921346
173.441770
175.535249
178.037451
177.524639
178.135099
177.009255
177.867162
176.937181
177.262493
175.984020
179.846450
179.819459
182.165413
182.774408
182.286774
180.856936
180.084340
179.204088
175.583165
173.818812
174.485090
176.225396
178.625087
176.429629
176.241300
175.702581
175.306179
175.524361
175.830466
175.134913
175.865639
176.429209
175.055899
174.073301
175.977132
177.023883
175.155157
175.199838
173.574382
173.732129
173.011825
173.272286
172.432913
173.396165
172.259545
170.118638
169.941105
170.686921
169.681656
171.366654
170.359726
169.932280
169.819844
170.578624
171.034622
173.380555
173.886395
173.445124
169.886004
171.048503
172.703852
171.076900
168.282578
171.732469
170.629069
170.392324
171.791851
171.421092
170.339825
171.749102
171.453369
171.528897
174.548703
174.170730
176.029883
174.692967
176.640606
180.616125
182.604684
182.680198
182.030396
181.514560
182.026756
183.309218
183.755925
183.793078
182.059214
181.728428
183.994707
183.251875
182.848345
182.147782
180.466694
182.132209
183.880397
183.739482
181.929224
182.606649
182.101066
183.782544
185.773809
185.977747
189.102768
188.777855
190.129146
190.224317
191.655167
190.612020
191.568308
191.193408
191.954073
193.850516
195.857003
197.401592
194.508812
195.225795
195.409432
195.950988
196.085480
194.804010
195.632422
195.206047
194.423291
192.179471
193.713217
195.008674
197.602111
198.003964
195.465109
195.435362
196.215111
198.307458
200.177480
198.506855
199.654509
199.198817
197.860046
195.982104
194.154404
192.903076
193.196850
193.844634
192.139812
193.351371
192.792868
193.382577
192.863790
193.588624
195.187790
194.927087
196.356892
197.999865
197.083819
198.664056
199.392395
197.632942
197.496381
197.338923
198.039370
197.180101
196.687524
198.254645
198.564227
199.750896
201.032496
202.095031
202.063835
202.833536
203.705457
204.536366
205.123909
205.693975
204.724398
205.474329
204.436319
202.675740
201.517580
202.098988
203.493028
201.032857
201.924536
201.224817
203.683032
204.520084
201.978083
202.800805
201.295060
203.393419
202.444481
202.415588
203.352202
203.462373
202.246871
202.182478
203.110634
203.771863
203.785866
203.177855
202.691308
201.161994
203.025697
204.783630
205.069722
203.318851
203.014225
200.885283
203.126451
204.471709
204.670905
205.431753
204.364377
207.083811
208.790821
209.219072
209.950566
211.290812
209.034859
208.181332
206.669604
206.172820
206.615627
207.268723
205.556249
205.181772
206.671177
208.695460
211.834560
213.977437
216.642136
217.779696
217.514242
216.419885
216.299203
216.627835
218.089233
217.817759
219.001748
220.483026
216.345400
216.231311
216.530867
213.589092
212.430714
211.103443
211.149554
211.414996
209.998624
210.479618
210.742771
210.255514
208.872678
207.963660
207.192844
205.211263
206.705141
206.380999
206.479446
205.829902
206.472900
204.541569
203.577760
204.796603
205.168248
206.503662
210.300669
210.901711
210.107370
211.797125
210.320244
208.962924
211.120192
209.167744
212.444909
213.896004
213.415222
212.585461
213.744025
212.541171
211.530836
210.997287
212.748832
212.800889
211.510891
212.105450
211.465645
208.196338
209.848936
209.760454
209.126275
210.923684
211.273724
212.380630
213.045177
212.744260
214.086191
211.345969
209.442100
208.377335
210.045247
209.308001
210.373592
211.393242
211.848523
210.754869
211.456973
209.487629
211.259780
211.346200
211.795524
211.763528
212.315385
213.867456
215.391671
215.065189
214.805760
212.741440
216.080182
214.465970
215.519081
215.726952
216.940224
217.498845
218.183409
218.815606
218.880583
220.920474
219.692752
219.653386
222.158176
221.125182
222.645904
221.924268
220.910290
219.969201
218.905894
216.099215
217.788356
216.048407
218.068420
215.208491
211.740057
212.875336
212.294589
212.213196
212.524304
214.359654
218.082165
216.637170
217.522008
217.592598
217.792050
216.711455
216.197798
216.125180
215.975347
217.374247
218.433413
218.432085
219.392519
216.472850
214.277608
215.979762
214.828338
215.228566
214.321058
215.582020
213.854009
212.049357
214.358382
216.227225
216.844664
216.955121
216.017949
215.581475
217.641226
215.557088
215.996986
215.385216
215.683311
214.917049
214.737997
215.248209
216.528308
214.379698
216.672806
217.954420
215.342889
216.221753
215.291015
215.429664
214.734354
213.723753
214.050232
214.279213
216.016299
216.981949
214.439419
215.849392
215.516670
218.143346
217.082405
217.806149
217.516922
217.267598
218.542162
219.148447
218.684479
216.673987
216.579266
213.413103
214.611363
211.664877
212.033876
212.355868
208.572060
209.390536
207.832878
208.602473
209.311478
209.974657
212.775149
212.996266
213.377824
212.856208
213.082117
213.695750
213.498671
211.830359
211.416202
210.362302
213.969019
215.990301
217.578676
215.821757
214.478271
216.762251
215.439878
213.792464
214.336733
214.779692
214.201046
212.416812
212.535126
212.991969
211.936723
211.751638
211.777496
208.864627
209.937436
208.278476
208.631176
209.929355
209.837135
211.494688
209.277847
210.352034
209.065664
207.206391
208.500159
212.016810
211.210877
208.900896
208.214137
209.897442
209.517223
210.437036
211.405506
213.369548
213.331324
215.542398
215.073998
215.160756
216.463985
217.089717
219.438237
219.190154
217.311611
219.265746
220.603486
221.277860
222.680946
221.272592
221.368994
221.805630
223.075759
222.910272
222.311575
221.910977
221.292900
221.336120
222.517721
225.400311
226.370252
225.330518
222.542207
221.911409
221.190131
220.140730
219.863553
220.684620
220.942175
219.964908
219.631873
219.778836
220.851561
220.473686
222.619632
222.841096
224.418900
223.738167
224.205111
224.165855
225.104380
226.397589
226.998274
228.792534
230.766210
230.747974
232.564624
233.093558
234.686637
234.056594
233.748678
233.926313
234.930923
235.947930
235.343221
234.544000
234.680674
236.597198
236.635182
235.116598
234.512631
234.850445
235.883946
234.038796
234.828343
235.590550
233.389036
233.822448
232.198629
233.847309
233.094022
235.246192
235.504610
237.627076
235.789650
235.842495
236.346727
235.575803
236.638165
238.449531
236.840615
237.227642
236.594445
237.474068
235.883554
232.407814
231.795424
230.126227
226.671448
226.380770
226.778759
226.167336
226.228627
226.281938
227.260843
226.164946
224.919409
227.085443
227.875209
226.656555
225.800344
224.976295
223.975195
223.242089
222.955330
223.659012
223.088520
223.035365
222.731435
221.722738
223.087002
222.568621
222.719417
224.172389
224.253154
223.009878
225.290619
221.100713
218.756505
220.924051
223.463803
222.494376
223.213038
221.896890
219.501798
220.661047
221.102505
224.222005
222.630839
219.341934
219.089315
220.355132
221.036118
220.913867
223.056574
225.901405
227.433855
228.836607
228.492689
229.286213
228.923026
229.478197
228.997299
228.446201
228.548512
226.889311
225.467129
223.733628
225.504718
224.541641
224.305951
225.524936
227.247389
226.458820
224.009520
225.281519
226.126077
227.325614
226.764090
227.389987
226.145841
227.359385
228.953849
228.684171
228.618678
229.574390
227.820224
228.816103
229.591766
228.909041
228.138797
227.232397
228.659200
227.593301
228.393511
229.713044
229.664651
227.834908
228.134347
226.811231
227.325520
224.931126
225.456548
226.643491
228.170294
227.275018
225.966220
227.678015
229.573252
228.739418
226.525263
226.036893
228.707784
227.437090
226.306729
227.051078
227.804239
227.290173
226.697594
228.194499
228.201961
226.663822
230.283229
230.353385
229.232306
227.643821
228.758748
230.912045
229.042100
230.503807
230.708004
228.876369
226.544007
225.621779
224.112036
223.391536
224.282557
226.284968
227.898022
226.181284
227.463248
226.862652
227.052440
226.355920
226.579012
227.735172
229.634534
230.093543
230.576977
231.138670
232.879474
232.150713
231.857329
230.160427
229.484017
230.050242
229.947100
230.939880
229.427990
228.736984
228.560962
230.584268
233.512122
230.941681
231.689625
230.307430
230.665089
230.921867
229.645326
231.726591
232.906076
232.066027
234.864311
234.092193
232.790280
232.220732
235.089500
235.069927
234.151300
235.562935
236.540551
236.431223
235.492155
235.363932
237.120686
237.604808
240.622231
241.755839
241.556452
242.942739
242.792539
245.637081
246.559769
245.294874
245.606273
244.626480
245.037585
244.826077
247.085068
246.231338
247.537041
247.527169
247.130765
247.369702
247.766966
248.175582
247.992684
246.842374
249.029759
248.648749
251.009879
251.054206
251.955636
254.778773
256.061875
256.040578
255.809000
251.728016
251.846630
255.077472
258.479453
256.652387
256.778420
255.609688
254.482784
253.822899
257.049896
260.785795
258.689624
257.648535
257.189692
257.792105
260.472911
259.909379
260.491672
260.618570
262.265253
261.872136
260.483198
259.292581
259.484117
257.249997
255.327589
255.312602
255.020520
254.653018
257.052211
258.566849
259.855681
259.608963
260.727036
260.629523
261.626160
261.217011
262.612043
262.769108
262.686760
263.589540
263.401632
262.079411
263.440943
262.393207
262.969682
264.389463
264.796925
266.999915
267.137991
268.345496
267.844898
266.754228
266.218071
269.283430
269.666349
268.516888
267.683711
269.434195
267.901752
268.478327
267.091830
266.280175
267.451204
267.549775
267.134466
270.198607
270.262989
272.524713
272.127815
271.463891
272.053237
272.075966
272.636229
270.829139
269.672331
270.360029
271.818372
275.439197
275.440266
276.679671
276.405462
279.465221
280.890837
278.747152
277.474316
277.354956
275.568609
273.124143
271.171258
273.230806
273.629674
274.041513
269.641953
268.680081
271.576792
269.589949
272.625553
271.336374
272.046161
271.963059
272.457228
273.199209
274.915698
275.102769
277.848808
279.010524
278.142618
277.834655
275.965965
276.866735
277.429098
277.471359
277.726523
274.631567
275.607768
275.546817
276.869760
276.528405
275.541751
274.740382
274.605426
274.123081
274.961703
276.199127
274.206625
274.265026
274.274156
274.324823
274.938752
275.796130
275.787044
275.239998
275.148455
276.930860
277.901518
279.706397
280.051754
279.863906
279.347985
277.629750
276.385238
276.107898
275.373456
272.900633
275.171947
275.022601
274.602943
274.693916
272.702119
273.855125
276.421245
276.284846
275.718459
276.386705
276.003021
277.145986
276.914063
275.545698
274.742797
276.926754
276.070117
276.610324
277.631842
278.325390
279.206292
278.256731
277.056870
274.921386
276.761133
277.202220
280.064415
281.105028
279.807399
279.389573
277.346468
276.501553
276.572608
274.980306
275.192949
274.127187
276.250870
274.765566
274.315938
275.979319
276.566882
274.722626
274.500199
275.080039
274.710371
276.957726
276.928325
279.299387
278.809119
278.531969
276.991020
278.557488
278.259220
278.847865
278.129712
278.674323
277.708308
277.755991
278.002371
277.511810
277.112527
275.839590
275.790991
276.602688
278.400397
277.980879
275.415411
275.598950
276.511294
278.117661
277.143823
277.397459
278.547670
279.685107
278.211179
276.111832
277.835937
277.033788
276.314384
276.054173
275.398998
275.687386
275.198235
276.680974
279.315041
281.532124
279.674855
279.859618
277.045897
277.368715
277.550215
278.670941
276.136317
274.733870
274.297071
274.336864
275.926004
277.995137
277.576747
277.932296
279.143708
277.931687
277.844908
279.921859
279.526822
279.392246
279.052922
279.097072
279.623980
280.114256
280.663938
280.236047
282.492019
282.294830
284.337220
285.267146
285.828933
285.386871
284.218382
285.111292
283.594263
286.198917
287.284533
286.653607
288.680693
287.918020
287.921590
289.468571
289.009946
289.762416
290.052025
290.729639
290.317742
291.662759
290.317131
292.341679
291.421796
291.962242
291.865867
294.360604
293.519885
293.012358
291.632103
293.077540
291.057221
290.586013
289.988970
289.573577
290.524114
290.147737
289.100853
287.487356
289.297001
287.260282
288.327410
291.862757
291.987194
291.516131
293.993822
293.938531
296.281556
294.364832
294.462137
294.581819
295.651787
294.777409
294.689895
294.127521
294.220508
292.972157
292.478345
294.020564
294.955423
293.760590
294.715022
294.802938
294.284555
293.846393
296.426871
296.816063
296.404613
295.994120
294.081285
296.945648
296.714014
297.994196
296.007498
294.547493
296.376246
296.110706
298.248458
298.555406
297.147253
297.362030
293.247257
293.207460
295.012320
295.443882
294.283654
295.006338
292.762634
292.371277
291.967513
291.668597
291.617596
292.554037
292.707960
294.331261
294.440791
295.754103
297.504717
299.458861
300.083623
297.506522
295.235901
294.415178
295.590283
294.808259
295.717505
293.498327
297.862468
297.403239
298.115991
299.276338
298.813421
296.864774
297.033672
298.977603
298.841615
299.085855
298.456298
295.569799
294.117102
296.413965
296.542626
296.848881
298.715558
297.097415
298.709796
298.777585
298.089957
296.549964
294.758661
295.404261
294.864617
297.039567
295.447567
294.873702
294.325717
291.912672
291.779737
291.317132
290.594841
290.111140
289.243783
290.692026
290.497571
290.004330
288.135226
288.109691
288.843278
287.665431
287.463859
287.884248
288.347910
290.996866
291.408649
290.415527
288.085860
288.884479
288.515309
288.118090
287.638695
287.968119
285.920813
286.533019
286.431796
285.681462
284.783104
286.117461
286.863345
286.972219
290.445904
289.333209
287.618464
287.600872
288.074696
287.890635
288.102580
286.902589
287.904969
288.569306
289.552681
287.775262
287.785553
285.883557
284.486964
284.263817
284.090547
284.097102
282.773503
285.208594
286.141881
286.047733
284.475400
283.791996
282.018614
280.988027
281.751405
281.550652
281.616007
280.460931
281.266573
282.353475
286.653853
286.899103
285.915439
284.085294
283.169740
282.653450
285.284432
287.820400
287.203513
286.128101
287.516882
287.444131
286.305716
283.708925
281.998527
285.475371
285.935100
286.940190
285.918407
286.561779
286.313731
285.538211
286.399776
284.631790
285.020881
284.171685
287.787001
287.619625
286.746172
285.005369
284.870694
284.780359
287.533343
290.035771
291.138186
291.576636
292.163744
294.713056
294.675116
294.715266
294.141687
294.956956
293.188202
293.719425
294.099903
296.722614
295.093395
295.396099
295.822942
295.781441
296.809053
299.402052
298.833589
299.293315
298.522826
296.950902
297.689076
295.954818
295.988249
293.155213
293.130975
293.734653
293.822004
295.304242
297.354250
296.127628
297.880575
299.394675
299.339403
298.457189
298.769171
298.578041
294.803624
295.105817
297.725145
297.629189
294.874511
293.595087
292.129905
292.990901
293.694788
293.750917
291.833750
292.762411
293.905109
297.045782
298.372231
297.811110
298.762625
299.586237
300.944640
299.667997
299.719647
300.254174
298.625213
297.378632
296.041338
294.947486
293.155222
294.968276
295.121808
294.234005
295.470456
293.388754
296.316371
295.909270
296.852941
297.663809
296.812536
296.063237
296.512957
298.586735
300.425867
300.049611
299.567348
300.135531
300.814798
299.637765
301.857116
299.654688
299.204904
298.020315
301.433597
301.714439
303.248914
301.907346
300.853790
301.356161
303.902869
303.065746
303.851357
301.307971
