146.545547
138.763557
132.182831
145.369989
149.677599
140.576882
144.360497
142.000915
146.100605
141.193073
146.604799
138.352456
141.000083
146.769789
151.319102
146.090745
153.540086
145.650836
138.796862
141.041901
141.644137
153.621614
138.523932
140.740269
132.050610
139.394746
132.307409
147.151477
144.506814
139.707488
152.084617
146.023694
146.482169
147.215297
143.890705
139.101090
138.523021
147.222494
144.844568
145.758690
134.747450
142.709206
142.730315
146.631170
143.432167
143.372831
140.010614
146.353421
154.390216
145.054984
148.053755
145.625128
135.801350
147.907454
145.362573
145.348614
140.780225
144.070875
155.632164
148.085943
142.120128
142.231349
144.326487
137.210182
134.883369
144.828467
137.783280
138.548272
142.166074
144.512481
142.716711
140.255776
146.791258
143.374956
145.289116
141.240934
148.644527
138.962363
143.230838
139.534374
146.661297
136.727374
135.622984
136.972816
139.869210
135.017623
136.712131
145.038192
142.227302
143.484223
141.147284
149.399529
149.331066
143.093164
137.023822
138.877381
149.955309
145.032423
132.730103
135.053544
137.575920
142.675559
142.003277
148.531959
145.308005
146.774945
147.882998
143.098650
139.386034
147.859324
137.148893
147.432181
147.990966
135.053933
133.816329
140.180991
140.584619
145.173637
138.520193
136.437896
140.557982
137.418370
143.313604
148.154753
142.784694
137.570059
147.824847
138.732864
144.096760
143.339680
135.998955
135.663593
138.052515
148.155387
145.548660
136.465585
135.110225
144.723775
137.874079
141.347527
140.451601
141.564123
135.748846
139.837355
138.824771
140.708840
141.231013
140.036437
149.400096
132.417754
127.852140
147.862790
142.798127
146.889757
142.017353
136.997425
144.569285
144.000283
141.824709
136.813349
144.552047
135.365998
138.938749
138.209937
136.151965
138.973402
140.521855
134.049888
134.905103
146.133398
141.415958
132.138936
143.526288
143.075162
128.863905
140.056713
137.378305
145.830601
139.078396
141.167039
142.199796
142.910676
139.222826
139.491870
141.251489
143.619885
141.036993
142.657600
146.021512
146.093513
139.227742
143.025391
136.405454
134.528055
142.434047
141.307636
148.473906
141.872896
143.603599
144.883316
140.209948
143.380623
138.833007
145.151540
141.160947
141.718048
148.956637
131.915110
134.452909
131.109598
132.163145
148.561850
144.723493
132.508067
143.294667
146.860684
150.004644
133.932463
130.294118
144.283181
