0.000000
2.747618
6.696965
13.193491
20.811018
28.371627
35.355333
43.851135
54.503527
63.907930
70.631197
76.953667
82.987874
88.487954
95.029408
100.595085
103.100797
108.177518
111.138319
113.033165
116.203478
117.003449
117.250677
120.240811
122.537528
121.179283
121.644177
122.629355
122.706208
122.949442
125.661006
125.539688
125.471009
127.046382
126.465733
126.569758
127.299081
128.705074
129.972673
129.274315
128.324395
127.523515
127.637535
128.996208
127.953268
126.077106
125.911104
125.633418
126.461838
127.648911
127.396818
130.284720
130.298687
128.485791
128.917252
128.225902
127.245959
128.124143
126.531433
129.225564
129.275630
130.008454
130.778488
130.032511
130.931872
129.287547
129.777660
128.591016
127.021860
129.522683
131.432308
132.572217
134.526468
136.736047
136.153458
134.620940
135.096596
136.805962
136.765526
138.878282
141.288122
139.826243
140.873764
140.096208
140.073775
140.746251
140.177804
143.330132
145.375981
144.745778
144.709544
144.395188
143.886579
142.923177
144.675188
143.530376
143.553236
144.932094
144.082481
146.158876
145.667685
146.692592
145.663599
147.391778
146.393750
148.983078
147.487376
146.013408
145.280146
145.917789
147.920809
146.174669
145.550551
144.097971
145.329741
144.710383
144.270600
144.171309
144.122328
144.753063
145.353466
142.912062
142.602032
142.004984
141.469915
140.935707
141.579478
141.538580
139.876925
139.304992
137.834291
138.112199
135.606133
137.769947
135.913529
135.149798
136.203734
136.698684
136.642420
136.027925
136.715538
135.924399
135.902290
135.080600
137.253593
137.905137
136.020143
137.117981
137.354154
136.222560
135.162868
132.304861
132.037922
133.089747
134.925924
134.188746
133.671599
134.807351
135.359176
135.271329
135.924903
135.121293
132.953708
134.386109
135.345590
137.834498
138.665603
140.127358
139.790956
139.895035
141.790848
143.145618
142.467365
142.978417
143.830976
143.301947
141.390788
141.266396
139.377243
140.923907
141.241875
140.112779
142.234164
142.518076
140.955967
140.392376
141.013903
141.674999
143.137852
143.978021
142.550694
143.329657
142.590173
143.883544
146.491482
148.386343
147.795410
150.068705
151.064821
151.714380
150.129951
149.816880
150.480427
151.894173
150.049372
150.562131
151.953147
151.803614
154.166622
157.174383
157.857470
157.438468
156.386437
156.320019
154.735965
155.698185
155.808193
156.524709
155.221126
156.245327
157.980789
159.273200
159.609374
158.461146
157.625121
158.039969
159.414269
159.185783
160.998435
160.979346
159.782531
161.432842
162.127598
161.632086
161.824252
161.272715
159.926935
160.012879
158.474290
160.084325
160.595503
158.727648
157.399881
157.202239
157.380556
158.641034
159.182483
160.710764
159.184141
160.147061
160.853613
160.048184
159.522438
160.188636
160.759436
159.813836
160.885195
162.241445
162.285564
161.774983
160.900174
160.484052
160.650054
162.481223
162.120396
163.669039
164.660385
165.004642
163.575699
163.782728
165.530891
167.697143
166.796034
168.337283
169.272126
165.589728
165.125946
167.188602
165.677964
163.078953
163.153331
162.790909
162.592356
162.868815
163.975275
166.296406
165.218868
163.878037
164.124807
163.598463
163.019277
162.635178
163.229926
163.844844
166.134600
164.515863
165.471065
164.757466
163.038730
161.525242
162.468813
163.040583
161.325201
159.528704
160.932810
159.862672
161.686612
159.917762
158.006527
157.755525
158.724327
158.888688
156.172410
156.151684
156.681276
156.886186
157.068620
158.568456
155.852177
157.321181
158.129741
159.265964
158.172940
157.872384
156.965822
154.425267
154.404325
154.893513
152.589666
150.758998
152.262516
152.878429
153.970003
152.541154
154.227683
152.902060
151.189049
150.315837
150.130112
149.401967
150.714864
149.001518
148.274042
148.374964
147.961002
146.462029
147.759905
145.436976
146.240307
146.479162
146.882490
145.170357
147.104618
146.186091
146.737925
143.942730
145.771509
148.939816
149.968023
150.721943
151.348776
152.915754
152.050775
152.570132
151.436563
153.456544
151.330060
151.789476
152.544145
151.672721
153.121707
153.541569
152.501090
152.757291
150.853068
149.742534
149.082933
148.214704
148.756919
148.019465
147.541957
147.625809
147.272573
148.820780
148.527079
146.716187
147.768553
146.392951
149.365590
149.344395
147.369308
147.545351
148.563695
151.619050
149.765241
149.986865
149.700506
150.244060
150.605405
150.905399
152.306257
151.384056
152.424001
152.056973
151.330301
152.548588
151.632358
150.797460
149.132103
147.415058
146.922813
148.018202
146.861251
147.175028
148.668190
149.564513
151.827995
151.728347
152.889342
153.686873
152.179180
152.414611
151.999587
152.717573
149.639306
146.535021
146.181076
145.706367
145.494001
145.040939
144.603671
146.051813
145.166262
144.645983
143.319121
144.509252
145.059996
145.267151
146.886551
146.154851
149.560821
147.583739
149.664435
149.435817
149.194968
151.903678
150.098177
147.098560
147.555457
144.958168
146.621017
146.275832
143.804096
142.133888
142.267229
141.809214
141.928919
141.244973
138.931087
139.486455
139.549481
138.892500
140.364219
139.061790
140.213358
141.848699
141.991842
143.169169
142.980769
140.608256
136.357475
138.120082
137.957201
136.098266
135.091087
135.639397
135.489252
136.969063
137.209341
136.636322
135.760355
133.673445
132.803696
134.131192
134.081921
133.483354
130.714400
132.440064
135.069337
136.171845
135.448609
137.061839
136.360953
133.817148
133.876621
132.159228
132.289589
129.717128
127.067917
126.173781
124.374658
126.130903
124.070828
123.106100
122.303540
122.736410
122.222063
122.454881
121.644187
123.815877
123.132551
124.208355
126.502952
127.243283
125.820660
126.089987
127.028672
127.990100
129.131224
127.194875
125.404848
125.023162
126.408220
126.659048
126.924884
129.538371
129.814770
130.333189
131.893419
132.497709
132.556104
130.960897
128.940954
130.234056
132.833949
132.333312
132.065245
131.699641
132.152301
133.759738
134.535503
133.752077
133.341810
134.942441
135.693913
134.551832
134.220223
136.246344
137.335013
138.763497
138.934508
138.001476
139.090032
137.336598
135.456958
137.227969
138.467945
136.355974
138.344318
136.412133
136.237616
140.350472
145.075287
146.646415
146.010749
145.229530
144.305595
143.908957
144.735945
142.992499
141.282783
142.833931
142.511616
143.855299
144.140222
145.048750
146.180991
147.406325
146.159506
146.208506
146.098328
142.195986
141.956899
142.073891
140.836434
142.831503
143.079151
141.112489
139.653818
139.589737
140.512463
143.803539
144.840951
144.510697
143.504676
143.946660
144.927942
147.333982
146.889339
145.371675
144.912142
147.096805
149.236227
148.819657
148.293993
150.303509
149.211475
148.173293
147.885390
146.049220
144.687652
143.515224
144.561335
143.999870
144.249514
144.314222
146.968965
145.344950
144.828404
144.432336
144.005727
142.463281
141.480501
140.976945
138.470183
139.003517
141.156721
138.826471
137.059856
134.793218
135.345771
134.616657
131.970018
130.479169
130.681868
130.923449
130.143645
129.136484
131.087696
132.430725
136.048845
138.214651
140.773528
140.312974
140.969371
139.882072
140.751813
139.791924
140.061184
138.701828
142.486472
142.379568
144.635749
145.128556
144.509126
142.964757
142.101222
141.148745
137.462164
135.635637
136.245308
137.923613
140.267319
138.022812
137.798762
137.221367
136.781399
136.958522
137.237577
136.524956
137.239032
137.791281
136.404770
135.413195
137.311679
138.358771
136.494977
136.543938
134.924189
135.079198
134.347205
134.565667
133.684176
134.559590
133.284497
130.963349
130.594135
131.157248
129.994211
131.537990
130.400913
129.862030
129.651489
130.314553
130.682292
132.930016
133.331886
132.760950
129.049375
130.026301
131.481422
129.624123
126.592438
129.793384
128.470926
128.004271
129.149625
128.515574
127.156799
128.283955
127.702588
127.452547
130.150439
129.449687
130.982650
129.285986
130.838969
134.401030
135.988825
135.712156
134.705303
133.817553
133.969529
134.840439
134.847835
134.402760
132.130797
131.242987
132.917798
131.592930
130.623378
129.349385
127.093733
128.201954
129.376798
128.687024
126.296270
126.356320
125.210737
126.233595
127.565183
127.115770
129.577819
128.584475
129.259328
128.687240
129.462112
127.769540
128.082951
127.054454
127.186050
128.464661
129.893240
130.913627
127.550323
127.814678
127.561682
127.676665
127.394306
125.700225
126.089051
125.219229
123.983939
121.297080
122.371625
123.180861
125.267304
125.162406
122.124441
121.552319
121.753347
123.272269
124.546705
122.283205
122.821550
121.719403
119.710807
117.146965
114.647655
112.736924
112.438355
112.531878
110.287342
110.919345
109.763579
109.749902
108.584393
108.669630
109.637837
108.764094
109.583272
110.640872
109.156972
110.175955
110.362323
108.073491
107.413292
106.704986
106.835027
105.372492
104.275117
105.225486
104.953725
105.617334
106.428137
107.052189
106.573360
106.893593
107.275400
107.585538
107.603355
107.602099
106.096924
106.336802
104.790076
102.515759
100.873524
101.009531
101.997486
99.125150
99.647702
98.647042
100.844730
101.464240
98.725593
99.367301
97.720989
99.698936
98.628328
98.470989
99.265510
99.231584
97.866955
97.638770
98.393094
98.856335
98.657512
97.793315
97.019803
95.143182
96.644128
97.981554
97.832261
95.600501
94.783133
92.130117
93.836313
94.635152
94.279173
94.477247
92.802912
94.888876
95.962692
95.758841
95.857704
96.577593
93.726448
92.276861
90.169233
89.102309
89.010036
89.150929
86.931701
86.073600
87.104194
88.709280
91.462374
93.233976
95.555541
96.393406
95.873744
94.586292
94.300471
94.483757
95.798931
95.393038
96.449641
97.797090
93.523002
93.286152
93.478970
90.465028
89.270734
87.935759
88.008380
88.365953
87.072561
87.717242
88.163005
87.870385
86.705509
86.028808
85.482672
83.715629
85.425469
85.325120
85.638176
85.186054
86.031428
84.292133
83.512966
84.891043
85.414481
86.886730
90.815798
91.542869
90.869730
92.692428
91.335302
90.107732
92.404159
90.609766
94.071041
95.708400
95.399244
94.739825
96.064539
95.022834
94.164127
93.764773
95.643892
95.806477
94.598533
95.252011
94.654976
91.416708
93.078395
92.972545
92.323714
94.098269
94.426918
95.510340
96.137323
95.776139
97.034412
94.195484
92.145406
90.904878
92.352636
91.361330
92.167576
92.925260
93.128680
91.786109
92.210773
89.953152
91.417665
91.214990
91.357669
90.998084
91.220616
92.439002
93.613984
92.923810
92.267465
89.804648
92.733276
90.665341
91.257088
90.985469
91.724840
91.844446
92.133162
92.454510
92.272955
94.121637
92.810503
92.730906
95.273184
94.378944
96.102710
95.664327
94.977401
94.396180
93.721431
91.325502
93.458989
92.164918
94.637532
92.235499
89.192996
90.692139
90.427233
90.591924
91.104545
93.136358
97.027914
95.725492
96.763353
97.017457
97.452874
96.619076
96.402904
96.690343
96.930113
98.781846
100.324684
100.834386
102.305780
99.903710
98.228772
100.436751
99.773994
100.665027
100.223840
101.915570
100.597749
99.205675
101.911190
104.152783
105.106341
105.539303
104.913368
104.756982
107.074331
105.243749
105.922068
105.547462
106.095258
105.578719
105.643111
106.404539
107.957340
106.090325
108.704168
110.325456
108.090447
109.354462
108.838240
109.413270
109.133750
108.579695
109.373984
110.088986
112.343493
113.862560
111.904159
113.895351
114.141307
117.350683
116.889848
118.207072
118.504436
118.830736
120.713130
121.959909
122.123066
120.718814
121.213642
118.662229
120.460829
118.073167
118.938246
119.673581
116.259554
117.390634
116.085600
117.037223
117.873480
118.657560
121.566983
121.929979
122.480998
122.140664
122.575980
123.445660
123.571522
122.261424
122.206352
121.507146
125.462603
127.829444
129.726788
128.246661
127.143310
129.636342
128.500243
127.023315
127.736995
128.363785
128.014584
126.488598
126.883400
127.658694
126.945689
127.147081
127.552346
124.992590
126.398912
125.056220
125.705667
127.320948
127.539570
129.492112
127.547388
128.843830
127.749658
126.023313
127.368495
130.861372
129.969846
127.516089
126.631392
128.101076
127.531267
128.245955
128.989443
130.702380
130.408960
132.333639
131.524199
131.261470
132.186100
132.410123
134.363807
133.731736
131.487300
133.084729
134.072645
134.398130
135.463084
133.717386
133.457343
133.519052
134.408211
133.888622
132.977455
132.287515
131.396348
131.158441
132.066492
134.662878
135.332727
133.969058
130.810351
129.795287
128.665001
127.189477
126.463565
126.778445
126.492169
124.969801
124.052868
123.596274
124.048052
123.025306
124.524690
124.075668
125.010540
123.758610
123.718338
123.189699
123.656617
124.487294
124.638633
125.988626
127.560384
127.167371
128.603850
128.732239
129.937634
128.968850
128.350179
128.214843
128.904802
129.637556
128.807402
127.897200
128.012707
129.992347
130.159948
128.821407
128.441273
129.034509
130.339273
128.770297
129.861551
130.947583
129.102288
129.915242
128.690513
130.757410
130.414702
132.974030
133.636295
136.164478
134.743846
135.207926
136.138008
135.800655
137.282872
139.526321
138.360903
139.216781
139.046423
140.368950
139.171237
136.094450
135.873731
134.599786
131.551169
131.675120
132.489355
132.339861
132.886286
133.476072
135.019908
134.472014
133.737907
136.401185
137.697265
137.037707
136.753582
136.490627
136.044947
135.860527
136.095936
137.292287
137.159490
137.501882
137.548286
136.868829
138.522745
138.260813
138.640401
140.291966
140.530080
139.421883
141.831587
137.747996
135.479124
137.725735
140.360952
139.489080
140.327395
139.123993
136.816736
138.049450
138.591723
141.797509
140.296357
137.114627
136.980532
138.346186
139.135945
139.131538
141.414427
144.392628
146.027565
147.468150
147.081528
147.790731
147.290246
147.657551
146.953684
146.127160
145.911382
143.909645
142.077972
139.915001
141.233053
139.790391
139.040114
139.742241
140.974158
139.736565
136.905682
137.851586
138.435791
139.464526
138.777998
139.323557
138.018216
139.214070
140.835644
140.598883
140.559197
141.548673
139.809959
140.805080
141.569595
140.863955
140.054770
139.108416
140.491012
139.376119
140.107583
141.315550
141.138540
139.171596
139.328127
137.861703
138.249806
135.734436
136.157857
137.275942
138.750200
137.822513
136.481940
138.164052
140.027583
139.163463
136.920676
136.406812
139.047910
137.746180
136.584326
137.297803
138.017120
137.473540
136.842778
138.291154
138.251750
136.666968
140.223171
140.232082
139.024656
137.331067
138.345716
140.395144
138.411538
139.750886
139.837807
137.901449
135.457441
134.398954
132.729927
131.835545
132.520828
134.288533
135.651979
133.683066
134.720773
133.855545
133.763114
132.739920
132.577102
133.327214
134.810487
134.842720
134.876221
134.966973
136.253378
135.070599
134.338821
132.177646
131.004450
131.049623
130.429969
130.904212
128.827428
127.540732
126.740990
128.104163
130.387587
127.186105
127.276516
125.211867
124.873534
124.415097
122.403287
123.780332
124.256465
122.738341
124.858162
123.424414
121.488923
120.291346
122.504760
121.850195
120.314861
121.124823
121.518799
120.849944
119.386938
118.758054
120.017731
120.016025
122.571423
123.232686
122.598498
123.564191
123.015349
125.443653
125.947236
124.258839
124.132823
122.712713
122.727288
122.103680
123.921048
122.614781
123.493251
123.076641
122.252338
122.088629
122.088656
122.126478
121.615856
120.164456
122.032530
121.345443
123.415707
123.166793
123.778568
126.332648
127.362435
127.099830
126.644499
122.373529
122.316943
125.377643
128.618427
126.667939
126.683383
125.462024
124.370917
123.805538
127.191902
131.183396
129.391324
128.681812
128.575364
129.545889
132.651046
132.520404
133.517468
134.103301
136.206362
136.243594
135.208500
134.341523
134.820682
132.831671
131.087905
131.199678
131.022971
130.711886
133.157599
134.710871
135.986955
135.692564
136.763655
136.664611
137.694190
137.337567
138.791681
139.008010
138.980729
139.976221
139.927010
138.764063
140.331020
139.554383
140.445615
142.231572
143.029424
145.620925
146.158675
147.793326
147.682854
146.940750
146.664371
149.959518
150.556781
149.636288
149.098754
151.156335
149.973259
150.935358
149.954728
149.548441
151.104824
151.542177
151.404310
154.728406
155.043556
157.568230
157.425083
157.072512
158.050028
158.500520
159.495275
158.072062
157.235615
158.175346
159.838835
163.646001
163.824235
165.218467
165.097366
168.296211
169.839497
167.817442
166.685763
166.736254
165.167299
162.947867
161.208926
163.481706
164.084085
164.670414
160.412921
159.542456
162.469048
160.468410
163.417988
161.991951
162.531650
162.240039
162.483724
162.946799
164.387520
164.276326
166.705838
167.549992
166.392707
165.811463
163.664335
164.274878
164.526643
164.237531
164.123605
160.616493
161.162080
160.680575
161.587057
160.829824
159.437856
158.236842
157.748306
156.978338
157.545477
158.488902
156.159703
155.891634
155.553883
155.277152
155.556194
156.102452
155.805677
155.031547
154.751344
156.411743
157.286024
159.007898
159.311000
159.087852
158.521927
156.730772
155.397998
155.012766
154.170196
151.560217
153.662941
153.303457
152.640206
152.488562
150.234045
151.107509
153.353852
152.868668
151.925802
152.163706
151.304472
151.977689
151.271137
149.411039
148.072756
149.711546
148.274241
148.233680
148.694074
148.817870
149.134433
147.617727
145.823131
143.074897
144.308454
144.158997
146.431743
146.858020
144.951204
143.928815
141.321425
139.964426
139.534837
137.419838
137.078129
135.472025
137.047660
135.016816
134.017607
135.136208
135.176781
132.762978
131.932217
131.890989
130.921735
132.598562
132.061184
133.985727
133.092830
132.457286
130.570251
131.825714
131.238928
131.554951
130.584212
130.894707
129.705294
129.537146
129.590072
128.933834
128.392398
126.998081
126.843143
127.567814
129.293128
128.811001
126.189128
126.316933
127.152168
128.662422
127.588433
127.723159
128.713592
129.652244
127.963866
125.610779
127.080297
126.000344
124.993303
124.440844
123.511404
123.554489
122.853064
124.153318
126.624573
128.686451
126.671283
126.704105
123.747858
123.925175
123.949218
124.915686
122.212845
120.646119
120.036563
119.894594
121.281149
123.129160
122.482730
122.590227
123.534004
122.037210
121.636597
123.347996
122.570064
122.031691
121.271019
120.867401
120.889709
120.855699
120.846605
119.843488
121.511369
120.751462
122.244356
122.682738
122.826945
121.997842
120.523700
121.130192
119.345252
121.662187
122.448624
121.514536
123.271616
122.293614
122.150025
123.621993
123.163348
123.950395
124.277988
124.968869
124.548806
125.894977
124.535278
126.527144
125.559991
126.050221
125.894202
128.331143
127.439801
126.879099
125.443256
126.828607
124.745786
124.220840
123.580791
123.164745
124.130956
123.807704
122.854365
121.393280
123.372841
121.540880
122.828539
126.603111
126.999286
126.819586
129.629075
129.899294
132.562194
130.968963
131.370366
131.781417
133.120844
132.497914
132.635253
132.288566
132.611199
131.576672
131.289868
133.030036
134.145528
133.102622
134.173375
134.351313
133.899709
133.489635
136.077976
136.479276
136.101013
135.735896
133.867957
136.766812
136.560793
137.855064
135.870599
134.419967
136.257056
135.990464
138.120480
138.420723
136.982633
137.154401
132.986884
132.875151
134.584565
134.898548
133.607917
134.187852
131.790849
131.249451
130.728188
130.310217
130.159351
131.019917
131.140550
132.762026
132.891506
134.252229
136.097323
138.180317
138.972500
136.597829
134.572667
134.030131
135.480057
134.973945
136.165290
134.231180
138.876267
138.695075
139.689555
141.110491
140.879681
139.123359
139.448839
141.523506
141.471901
141.754100
141.121772
138.171034
136.628863
138.806345
138.797256
138.964146
140.708583
138.997825
140.579904
140.682083
140.119249
138.746720
137.164005
138.078178
137.837182
140.348321
139.133885
138.958988
138.837469
136.863256
137.182591
137.207882
136.954102
136.943967
136.529926
138.411336
138.647535
138.559132
137.050827
137.335241
138.358305
137.436454
137.470211
138.120511
138.784186
141.611251
142.181486
141.347767
139.181346
140.134979
139.926030
139.685334
139.347159
139.798223
137.859960
138.557153
138.508374
137.782437
136.899399
138.228901
138.949107
139.033372
142.498597
141.387572
139.677420
139.649285
140.080475
139.821309
139.916339
138.579007
139.408701
139.896108
140.697086
138.755371
138.631390
136.610124
135.120653
134.807586
134.546071
134.467626
133.046361
135.368556
136.198149
136.030200
134.400458
133.688258
131.912364
130.899375
131.677508
131.509725
131.631766
130.545571
131.396177
132.473859
136.711879
136.839198
135.707919
133.700305
132.547597
131.771086
134.111052
136.308717
135.305119
133.784133
134.704785
134.147363
132.481264
129.314573
126.989012
129.843033
129.660838
130.051787
128.412743
128.432104
127.538467
126.106954
126.297899
123.849629
123.585844
122.089930
125.024399
124.182741
122.645600
120.222235
119.376927
118.603672
120.689654
122.538771
122.993862
122.819916
122.856608
124.956399
124.561672
124.344829
123.598710
124.304571
122.472086
122.950616
123.283616
125.864037
124.199956
124.469787
124.868767
124.817185
125.861467
128.479391
127.943287
128.424887
127.676870
126.111022
126.826374
125.067925
125.073569
122.216010
122.147041
122.674405
122.630752
123.959057
125.818993
124.381026
125.909660
127.206496
126.959988
125.916147
126.090903
125.774672
121.889810
122.088008
124.604751
124.419152
121.564817
120.161707
118.550783
119.256813
119.814873
119.718594
117.642974
118.371522
119.304626
122.204090
123.291636
122.496795
123.211324
123.795069
124.891709
123.343765
123.143469
123.444565
121.615096
120.222362
118.791964
117.652347
115.867039
117.721473
117.939676
117.116492
118.389845
116.298404
119.198148
118.773555
119.725040
120.577988
119.802150
119.161926
119.756807
122.001824
124.039343
123.851228
123.559697
124.300344
125.118275
124.090220
126.456330
124.362696
124.005151
122.866697
126.268815
126.484431
127.889418
126.347554
125.004866
125.131906
127.259802
125.959186
126.260220
123.245106
