153.643917
160.557765
153.663680
155.052700
151.831241
142.862595
146.833189
160.254072
153.134232
153.914316
160.018291
147.813569
159.432912
154.553740
151.953529
148.463857
146.770557
155.162002
151.054743
161.185330
148.144500
151.401688
151.405032
144.198719
151.820069
150.788624
149.772572
150.576375
149.091617
157.682523
152.384967
151.246146
145.828705
151.871793
154.782503
147.914972
151.051620
153.330984
153.710563
162.236958
155.080573
149.988634
144.437606
155.086742
151.033829
150.743790
150.248233
153.101420
144.262040
153.342878
150.977365
148.466431
147.534474
155.575893
154.002062
151.929630
164.749264
149.099616
146.255601
151.805562
153.648118
151.373550
152.721147
147.471620
155.227938
154.437943
155.980184
146.064297
152.018533
144.795969
145.861980
149.690466
149.818283
150.492743
145.490091
159.130500
154.726795
151.421159
145.853354
148.609974
144.331655
146.396130
152.783992
149.635306
150.736368
146.268960
153.281980
154.820639
167.569223
154.246062
149.616200
145.803914
148.135159
149.040372
160.543404
161.370379
150.440601
148.070159
156.662199
151.689954
147.319462
140.937078
142.756326
161.375000
151.432093
153.606539
146.269553
151.948207
148.747559
146.453427
152.072735
142.390471
149.598685
144.929275
161.182994
148.427632
145.440567
141.356051
146.292352
146.127213
156.584137
156.720693
152.401079
150.195462
150.801774
158.390317
149.737330
150.005340
147.681050
152.669944
143.296842
151.134873
150.831598
159.563719
144.806333
151.369748
152.032166
150.541843
154.676681
161.217558
150.629809
154.311048
150.017175
146.645986
154.661158
145.785889
151.756684
140.986429
150.283982
152.633436
150.893885
156.169201
159.014006
147.578118
158.206592
158.156413
152.960307
149.782205
153.849336
152.035267
138.316612
151.812722
160.676964
151.555965
141.307211
145.356217
143.843984
151.753477
151.453113
149.217366
141.635739
151.303400
152.507126
160.469511
155.051603
148.439887
153.791710
153.673674
155.940418
146.425216
150.688795
152.400375
144.298907
144.867862
143.885798
144.197074
141.024588
153.815556
148.354614
144.390361
151.867064
139.748550
157.553563
146.228018
151.112029
151.074673
145.117045
145.027643
149.247729
155.726121
155.916857
148.440263
147.883101
151.614201
152.213444
145.438682
157.660377
141.838242
147.221833
144.024765
160.743920
150.399025
155.107526
144.796409
144.940014
150.015128
157.833234
145.998548
151.504383
139.043902
