297.011869
303.887052
296.970234
298.318302
295.066536
286.065760
290.024361
303.446852
296.335781
297.110310
303.208081
290.983937
302.590347
297.686433
295.058194
291.541577
289.824904
298.164397
294.007222
304.073397
290.974788
294.164511
294.078085
286.805168
294.344996
293.232969
292.168846
292.907591
291.361507
299.888251
294.532008
293.367634
287.914354
293.928153
296.796219
289.867784
292.947373
295.174844
295.501084
303.957168
296.737733
291.594099
285.970247
296.551441
292.437510
292.076294
291.512381
294.300242
285.405922
294.401936
291.970456
289.402710
288.414104
296.386262
294.772535
292.663183
305.448548
289.742628
286.862888
292.377284
294.175199
291.851532
293.135219
287.834956
295.554618
294.727328
296.237140
286.300210
292.222811
284.991457
286.034249
289.842810
289.951152
290.582595
285.555828
299.177633
294.745300
291.412976
285.835496
288.571671
284.275647
286.335281
292.695416
289.531306
290.620019
286.143597
293.148186
294.671923
307.408603
294.075393
289.444916
285.664115
288.024574
288.948135
300.454353
301.267637
290.330415
287.946174
296.525656
291.530640
287.162581
280.779330
282.604890
301.227503
291.311251
293.510130
286.206442
291.918008
288.734077
286.449779
292.068906
282.401161
289.640542
285.004577
301.288364
288.563153
285.625884
281.567699
286.540994
286.414564
296.895897
297.055108
292.734197
290.548795
291.139196
298.712739
290.055956
290.326180
287.995217
292.949733
283.493452
291.253826
290.885372
299.531018
284.698521
291.177019
291.787078
290.230424
294.298272
300.796724
290.167107
293.802039
289.448273
286.023248
294.005772
285.103641
291.050241
280.253619
289.530588
291.879780
290.120906
295.392730
298.219405
286.774771
297.382246
297.318622
292.099530
288.902446
292.946423
291.119567
277.363024
290.798188
299.618123
290.436633
280.121040
284.105546
282.527948
290.376604
289.993426
287.711528
280.069128
289.682848
290.829121
298.739112
293.275929
286.606547
291.914619
291.769832
293.992672
284.442025
288.639575
290.317317
282.181482
282.713873
281.681271
281.918062
278.673791
291.387131
285.851928
281.797998
289.209253
277.017897
294.753782
283.350903
288.166681
288.060871
282.067069
281.928204
286.076111
292.498019
292.624095
285.058605
284.404536
288.049221
288.587784
281.727281
293.879188
277.969740
283.302555
280.047339
296.678602
286.263642
290.916256
280.529883
280.636198
285.689700
293.497684
281.662282
287.187896
274.753410
