16.8377
16.3485
15.8659
15.4989
15.0322
14.5479
14.2497
13.7528
13.2856
12.8195
12.5413
12.3287
12.3477
12.5777
13.0264
13.5267
13.8503
13.9980
14.0587
14.2726
14.2903
14.5660
14.9350
15.0930
15.3567
15.8024
16.1984
16.7325
17.1390
17.4035
17.7384
18.0708
18.5482
19.1146
19.5031
20.1782
20.5849
21.1600
21.7946
22.2734
22.6984
23.1079
23.5033
24.1163
24.6749
25.0964
25.7231
26.1052
26.7015
27.1246
27.6336
28.0761
28.5026
28.7562
28.9088
29.2895
29.3554
29.4468
29.4234
29.3679
29.2568
29.0876
28.9257
28.5157
28.2341
27.6574
27.3778
27.2427
26.9326
26.7314
26.7906
26.8668
26.8925
26.6469
26.6649
26.7816
26.6510
26.3741
26.4029
26.3058
26.4063
26.6546
26.9025
27.2488
27.5332
28.0350
28.3438
28.6094
28.8069
28.7870
28.7091
28.5386
28.5574
28.4269
28.3415
28.3994
28.6209
28.9306
29.3112
29.9407
30.3717
30.9365
31.3620
31.9077
32.3528
32.8332
33.2854
33.7564
34.3441
34.9113
35.5581
36.0046
36.4107
36.9464
37.3991
37.8287
38.3085
38.6346
38.9718
39.0909
39.3079
39.6200
40.1330
40.7312
41.0179
41.5121
42.0657
42.6921
43.1930
43.7524
44.1727
44.8188
45.2667
45.7624
46.4013
46.9487
47.4346
47.9683
48.5217
49.1881
49.7298
50.1654
50.6630
51.1190
51.7999
52.1739
52.5279
52.9918
53.5448
54.2181
54.7089
55.2859
55.7315
56.1306
56.6797
57.3178
57.7485
58.2242
58.8088
59.2564
59.5887
59.8079
59.9321
60.0452
60.4207
60.9204
61.4238
61.7248
62.1617
62.5439
62.8932
63.2558
63.4982
63.5445
63.6723
63.6001
63.2848
63.0212
62.6918
62.2239
61.8982
61.5150
61.2774
60.9326
60.6780
60.5113
60.3642
60.4648
60.5407
60.3626
60.3311
60.1417
60.0919
59.7817
59.3897
58.9974
58.7042
58.2318
57.5872
56.8962
56.4808
55.9603
55.5412
55.1072
54.6238
54.1133
53.5567
53.1127
52.6394
52.2212
51.7830
51.2286
50.8746
50.5636
50.4321
50.2403
50.0096
49.5965
49.4877
49.1531
48.6423
48.1252
47.7173
47.3955
47.2100
47.0263
46.5690
46.2130
45.6611
45.1225
44.6322
43.9944
43.5812
42.9725
42.3231
41.9046
41.5026
40.9645
40.6117
40.0924
39.7888
39.2888
38.9128
38.7130
38.4075
37.8463
37.2078
36.5214
35.8642
35.2608
34.7441
34.1912
33.8599
33.6880
33.4099
33.0230
32.4755
31.8345
31.3667
31.0182
30.4355
29.8605
29.4706
28.9207
28.5383
27.9678
27.3992
27.0799
26.7814
26.5772
26.2012
25.6889
25.1826
24.7052
24.2527
23.9564
23.6133
23.3109
23.1163
22.9344
22.9707
22.8257
22.8415
22.7992
22.7042
22.6606
22.3877
21.9780
21.6287
21.2417
20.9068
20.8086
20.9725
21.3401
21.5815
21.6919
22.0190
22.5291
22.8981
23.4383
23.6893
23.7435
24.0689
24.2825
24.6881
24.9763
25.2820
25.7012
25.8815
25.9884
26.2718
26.6311
26.8624
27.0802
27.3948
27.7902
28.2203
28.7240
29.1627
29.6582
30.0342
30.2834
30.4199
30.6752
30.9562
31.0470
31.4382
31.8352
32.2124
32.5138
33.0664
33.5866
34.0933
34.5270
34.9174
35.3008
35.4803
35.6931
36.1607
36.6956
37.2579
37.8244
38.4240
38.9336
39.3575
39.9610
40.4931
41.0391
41.5781
42.2467
42.9155
43.4764
44.1344
44.5474
44.9850
45.5239
45.9845
46.3674
46.6903
46.9581
47.0365
46.8641
46.7512
46.5942
46.4670
46.3802
45.9915
45.4256
45.1510
45.0559
44.7441
44.4536
44.1202
43.4770
43.0466
42.6147
41.9932
41.3473
40.9440
40.7024
40.3513
40.0062
39.5161
39.1929
39.0327
38.9699
39.0100
38.9404
38.9460
38.7700
38.7062
38.7748
39.0167
39.0062
38.8861
39.0250
39.1606
39.3275
39.5048
39.4399
39.5355
39.4283
39.1107
38.7717
38.6754
38.5270
38.2089
37.9896
37.6568
37.3726
36.9583
36.7789
36.3396
35.7442
35.2246
34.6705
34.1131
33.7148
33.3189
32.9007
32.4711
31.8558
31.2590
30.7440
30.1962
29.6426
29.1715
28.6938
28.4140
27.9611
27.7489
27.8032
27.6873
27.5091
27.3598
27.2954
27.4833
27.6117
27.5466
27.6784
27.9382
28.3582
28.7667
29.2868
29.7768
30.1516
30.3431
30.5349
30.6841
31.1368
31.5694
32.0692
32.4775
32.9767
33.5274
33.7586
34.0800
34.5497
35.1098
35.8022
36.3981
37.0958
37.5511
38.0200
38.4244
38.7352
38.9175
39.1713
39.7373
40.3091
40.9004
41.3874
42.0707
42.5024
43.0093
43.5275
44.1615
44.8508
45.3319
45.9211
46.2313
46.5589
46.9052
47.1861
47.4925
47.9508
48.6333
49.1320
49.8047
50.3052
50.7155
50.9899
51.0337
51.0450
51.1230
51.2583
51.1503
51.2111
51.1437
51.0455
50.8677
50.8368
51.1561
51.3354
51.3330
51.1821
51.2553
51.2456
51.1426
50.9386
50.5988
50.2874
49.8924
49.5493
49.4247
49.5049
49.7415
49.8209
49.8001
49.6778
49.4982
49.3894
49.1019
48.5838
47.9381
47.5464
47.1184
46.4732
45.8319
45.2805
44.8701
44.5100
44.1985
43.8839
43.3266
42.8225
42.3279
41.7394
41.3440
40.8087
40.2851
39.8975
39.3344
38.7882
38.4583
37.8988
37.4171
37.0423
36.7914
36.5964
36.5293
36.3248
36.0297
35.9504
35.9062
35.7346
35.4141
35.3484
35.4091
35.2956
35.3938
35.6117
35.8172
35.9891
36.3984
36.5041
36.6840
37.0164
37.6213
38.1808
38.6172
39.2271
39.6926
39.9339
40.1577
40.1251
39.9814
40.0329
39.9241
39.8382
39.5778
39.4873
39.2060
38.8676
38.4844
37.9872
37.5508
37.1027
36.6689
36.0826
35.5186
35.0813
34.6548
34.0914
33.6037
32.9434
32.2689
31.8558
31.3120
30.8905
30.5600
30.3546
30.1150
29.9119
29.9821
29.7820
29.5912
29.3557
29.0753
28.7840
28.4783
28.2751
28.2149
27.9199
27.7663
27.6295
27.2159
26.9368
26.4917
25.9816
25.5264
24.9707
24.4991
23.9914
23.5986
23.0475
22.5711
22.0362
21.3536
20.9040
20.2888
19.7379
19.1784
18.6835
18.1456
17.7354
17.3676
16.8423
16.3677
15.7213
15.1021
14.7276
14.1510
13.6533
13.1438
12.6926
12.0486
11.4736
10.9782
10.5188
10.1008
9.7178
9.2537
8.6321
8.0254
7.3621
7.0096
6.6568
6.0640
5.5787
5.1876
4.7766
4.4114
4.1327
3.7445
3.4640
3.2255
3.1556
3.0147
2.8887
2.7917
2.8410
3.0108
3.3862
3.6069
3.9535
4.4111
4.7445
4.8976
5.1184
5.2913
5.5187
5.6796
5.5904
5.2632
4.9205
4.5016
3.8967
3.5214
2.8574
2.2645
1.7337
1.5317
1.0916
0.6838
0.2203
-0.2542
-0.8820
-1.2430
-1.5439
-1.7533
-2.1519
-2.5892
-3.2004
-3.6576
-4.2091
-4.8887
-5.3556
-5.9345
-6.4931
-7.1562
-7.6237
-8.2558
-8.7097
-9.2179
-9.5768
-10.1165
-10.4814
-10.8569
-11.2795
-11.8429
-12.3718
-12.8073
-13.2808
-13.7530
-14.3111
-14.7967
-15.3695
-15.9537
-16.4289
-16.8957
-17.3445
-17.6878
-18.2428
-18.6675
-19.0562
-19.5612
-19.9942
-20.6436
-21.0836
-21.7374
-22.1882
-22.5927
-23.2735
-23.6954
-24.1717
-24.8205
-25.3381
-25.6198
-25.8934
-26.0063
-26.2773
-26.3197
-26.5025
-26.6579
-26.7600
-26.7039
-26.8267
-26.8542
-26.7846
-26.5033
-26.4061
-26.2053
-26.1371
-26.0342
-26.0627
-26.2166
-26.5715
-27.1022
-27.5731
-28.0773
-28.6087
-29.0426
-29.6045
-29.8397
-29.9468
-30.0793
-30.4056
-30.6772
-30.9403
-31.1690
-31.2010
-31.1507
-31.1089
-31.1360
-31.2548
-31.6949
-31.8612
-31.7700
-31.6743
-31.3824
-31.0783
-30.7804
-30.4955
-30.0749
-29.8442
-29.4881
-29.2654
-29.1773
-29.2583
-29.4906
-29.6998
-29.9598
-30.3590
-30.6491
-30.7543
-31.0220
-31.2843
-31.3513
-31.2824
-31.4100
-31.8320
-32.0123
-32.3960
-32.5102
-32.7052
-33.0298
-33.5205
-33.9755
-34.4098
-34.7418
-35.3140
-35.6034
-36.1155
-36.5125
-36.6156
-36.6408
-36.6695
-36.8983
-37.2025
-37.6740
-38.1487
-38.5878
-39.2329
-39.6131
-40.1937
-40.7129
-41.0329
-41.4194
-41.9766
-42.5059
-42.9000
-43.3835
-43.8942
-44.2852
-44.8735
-45.5241
-46.0336
-46.5419
-46.8396
-47.1564
-47.3166
-47.2303
-47.0954
-46.8134
-46.7682
-46.9392
-46.9928
-47.1622
-47.1581
-47.1232
-47.2132
-47.4036
-47.7065
-47.9087
-47.9848
-47.8735
-47.9207
-48.0891
-48.5148
-49.0234
-49.4093
-49.6362
-49.7496
-49.7430
-49.8719
-50.0224
-50.4262
-50.7153
-51.1364
-51.4308
-51.7835
-51.8512
-52.1326
-52.4687
-52.9746
-53.3814
-53.7221
-53.8391
-53.9588
-54.3021
-54.5209
-54.8215
-55.3023
-55.4429
-55.8747
-56.2360
-56.4169
-56.8984
-57.4053
-57.7774
-58.0096
-57.9967
-58.0843
-57.9749
-57.6100
-57.2156
-56.9775
-56.9006
-56.8097
-56.5170
-56.2304
-56.0972
-55.9126
-55.8601
-55.9690
-56.1227
-56.3341
-56.4299
-56.2705
-56.0674
-55.9158
-55.8149
-55.6172
-55.2801
-55.0374
-54.9920
-54.7842
-54.5642
-54.2681
-53.7205
-53.0495
-52.4490
-51.8388
-51.4429
-50.8289
-50.4337
-49.7591
-49.2148
-48.9321
-48.6440
-48.2167
-47.9061
-47.8139
-47.5177
-47.2127
-46.6144
-46.3139
-46.0331
-45.6741
-45.3339
-44.9699
-44.5326
-43.9371
-43.4500
-43.0635
-42.7528
-42.2470
-41.8714
-41.4805
-41.1222
-40.7135
-40.2657
-39.8054
-39.3549
-38.9491
-38.4983
-37.9082
-37.3868
-36.8460
-36.2789
-35.8488
-35.3635
-34.7025
-34.2545
-33.7817
-33.3884
-33.1241
-32.8987
-32.9780
-33.1459
-33.2938
-33.5520
-33.7777
-33.8214
-34.1195
-34.3109
-34.6924
-35.0116
-35.1801
-35.4704
-35.7613
-35.9405
-36.0715
-36.3222
-36.4563
-36.6192
-36.5488
-36.4823
-36.3485
-36.0354
-35.5087
-34.9743
-34.3624
-33.7803
-33.1956
-32.9017
-32.6656
-32.4728
-32.3813
-32.2992
-32.1280
-32.0940
-32.1808
-32.0357
-31.7632
-31.5290
-31.4594
-31.2424
-31.0002
-30.8827
-30.9348
-31.2669
-31.5071
-31.6184
-31.7423
-31.7805
-32.0435
-32.4728
-32.8833
-33.0730
-33.3095
-33.3488
-33.3294
-33.2623
-33.1210
-32.8684
-32.3409
-32.0554
-31.5419
-31.1817
-30.7433
-30.3531
-30.0528
-29.5858
-29.2542
-28.9143
-28.7521
-28.7775
-28.7795
-28.8921
-28.9904
-29.2512
-29.6059
-30.0235
-30.4341
-31.0044
-31.5420
-32.0606
-32.4688
-32.8575
-33.1570
-33.3869
-33.8177
-34.0408
-34.0505
-34.2549
-34.2777
-34.4446
-34.5840
-34.4371
-34.5309
-34.4528
-34.0678
-33.7004
-33.4055
-32.9117
-32.6303
-32.3646
-32.1947
-31.8541
-31.1843
-30.8233
-30.1925
-29.7440
-29.0914
-28.6483
-27.9651
-27.3842
-26.7734
-26.3535
-26.0426
-25.8419
-25.6460
-25.4893
-25.3317
-25.3715
-25.6017
-25.6492
-25.5406
-25.3437
-24.8904
-24.6496
-24.5147
-24.4819
-24.7147
-24.9527
-25.0207
-25.1705
-25.5919
-25.8163
-26.0136
-26.4145
-26.9121
-27.5043
-28.0329
-28.6150
-29.1423
-29.7047
-30.2390
-30.6493
-31.2525
-31.6488
-32.0369
-32.5251
-32.9563
-33.5449
-33.9130
-34.2090
-34.3961
-34.8310
-35.2205
-35.6719
-36.1464
-36.5108
-37.1247
-37.7234
-38.3901
-38.8524
-39.3016
-39.7517
-40.3789
-40.8593
-41.2043
-41.6957
-42.0516
-42.3001
-42.4266
-42.7145
-43.1072
-43.6807
-44.0283
-44.4508
-44.7106
-45.0454
-45.4969
-46.0674
-46.6619
-47.2563
-47.6073
-48.0488
-48.5993
-48.9497
-49.3341
-49.7280
-50.2623
-50.8678
-51.3272
-51.9089
-52.5323
-53.0109
-53.3164
-53.5413
-53.6944
-53.9708
-54.0701
-54.3434
-54.3846
-54.6071
-54.6512
-54.9503
-55.3032
-55.9496
-56.6068
-57.1933
-57.7013
-58.0467
-58.3540
-58.5509
-58.4901
-58.4591
-58.3197
-58.0756
-57.7685
-57.7600
-57.7136
-57.5778
-57.4143
-57.3781
-57.0073
-56.7017
-56.4854
-56.2727
-55.9351
-55.5959
-55.1833
-54.6035
-54.1922
-53.7156
-53.2039
-52.6424
-52.3809
-52.0216
-51.5405
-51.2496
-50.9882
-50.6057
-50.2372
-49.8060
-49.2815
-48.8456
-48.3098
-47.9465
-47.4789
-47.0728
-46.5988
-46.1484
-45.7257
-45.3030
-44.6979
-44.2773
-43.8560
-43.3736
-42.9828
-42.4795
-42.1632
-42.1141
-42.0782
-42.2292
-42.1307
-41.9288
-41.9511
-42.0661
-42.2822
-42.5987
-42.8312
-42.9538
-43.2340
-43.5149
-43.7379
-44.1449
-44.3667
-44.5884
-44.8417
-44.8534
-44.6856
-44.6960
-44.8264
-44.8218
-44.5145
-44.1199
-43.6806
-43.3609
-43.1348
-42.9079
-42.7416
-42.4334
-42.1473
-41.8642
-41.6777
-41.6929
-41.6640
-41.4972
-41.4320
-41.0961
-40.8810
-40.7513
-40.9051
-41.0028
-41.0803
-40.9383
-40.8522
-40.8322
-40.5813
-40.3982
-40.4132
-40.6840
-40.8241
-41.0992
-41.2315
-41.1908
-41.3542
-41.5216
-41.8112
-42.0747
-42.6732
-43.0403
-43.1638
-43.5700
-43.7554
-43.9474
-44.1468
-44.2598
-44.1719
-44.2959
-44.3369
-44.3528
-44.1446
-44.1375
-44.2517
-44.1764
-43.9193
-43.7126
-43.6503
-43.3582
-43.4239
-43.3465
-43.3221
-43.4514
-43.6175
-43.9597
-44.5089
-44.9655
-45.4641
-45.9715
-46.5597
-47.0481
-47.3674
-47.8602
-48.3070
-48.8703
-49.4323
-49.7828
-50.1033
-50.2601
-50.3151
-50.1427
-50.1827
-50.2562
-50.4357
-50.5749
-50.8101
-50.7502
-50.8434
-50.8266
-51.0277
-50.9639
-50.9452
-50.8666
-50.8029
-50.9628
-51.3239
-51.4446
-51.3708
-51.2795
-51.1388
-51.0841
-50.8702
-50.9529
-50.9463
-50.8025
-50.4447
-50.1307
-49.9074
-49.6615
-49.5011
-49.3055
-48.9151
-48.5450
-48.2991
-47.8739
-47.2939
-46.9246
-46.5500
-46.1251
-45.4993
-45.0676
-44.6292
-43.9610
-43.3792
-42.8242
-42.3012
-41.8092
-41.3053
-40.7407
-40.4090
-40.2066
-39.9610
-39.6696
-39.6155
-39.2868
-38.9823
-38.8928
-38.5753
-38.4055
-38.3638
-38.6708
-38.8679
-39.2162
-39.3468
-39.4734
-39.6773
-39.9605
-39.9748
-39.7412
-39.7446
-39.6002
-39.4115
-39.3526
-39.0918
-39.0552
-38.8052
-38.7296
-38.4651
-37.9092
-37.3396
-36.7148
-36.1260
-35.7147
-35.2244
-34.9053
-34.6541
-34.2886
-33.9613
-33.3448
-32.8971
-32.5177
-32.1358
-31.8036
-31.2102
-30.5494
-30.1624
-29.7721
-29.4484
-28.9341
-28.3768
-27.8948
-27.3337
-26.9801
-26.6398
-26.2018
-25.6185
-25.0268
-24.5357
-24.0645
-23.6055
-23.3072
-22.7950
-22.5279
-22.2467
-21.8618
-21.5386
-21.3787
-21.2844
-21.1770
-21.1003
-20.8193
-20.2978
-19.7849
-19.1019
-18.6986
-18.1064
-17.7722
-17.4446
-16.9891
-16.6233
-16.3368
-16.0375
-15.8077
-15.6762
-15.4096
-15.1177
-14.9260
-14.9203
-14.9735
-15.2059
-15.7130
-16.3608
-16.9228
-17.5452
-17.9983
-18.4921
-19.1241
-19.7638
-20.2357
-20.7817
-21.1175
-21.6457
-22.0734
-22.5546
-23.1693
-23.6243
-24.2458
-24.7821
-25.3716
-25.9115
-26.3458
-26.7812
-27.2775
-27.8077
-28.2744
-28.8855
-29.3306
-29.9653
-30.5097
-30.9638
-31.3964
-31.9124
-32.3265
-32.9059
-33.4069
-33.9598
-34.3884
-34.7849
-35.1889
-35.6487
-36.0702
-36.3928
-36.7932
-37.0288
-37.3474
-37.3944
-37.7328
-37.8955
-38.3483
-38.6301
-39.0807
-39.3928
-39.4693
-39.8829
-40.3748
-40.7635
-41.2781
-41.8611
-42.5127
-43.1572
-43.5533
-44.1689
-44.6107
-45.1992
-45.8469
-46.3489
-46.9460
-47.5019
-47.8766
-48.4813
-48.9449
-49.3291
-49.4981
-49.5061
-49.5578
-49.3059
-49.1901
-48.8795
-48.3934
-48.0336
-47.8089
-47.3327
-47.1981
-47.1178
-47.1996
-47.4891
-47.7884
-48.0150
-48.3384
-48.6002
-48.9196
-49.2148
-49.5717
-50.0310
-50.7054
-51.1404
-51.8114
-52.1771
-52.7448
-53.2522
-53.6106
-54.0308
-54.5283
-54.9771
-55.4029
-55.8176
-56.3528
-56.9182
-57.5724
-58.0282
-58.5002
-59.1262
-59.7170
-60.0775
-60.4512
-60.9033
-61.4638
-61.9189
-62.3161
-62.5747
-62.7271
-63.0605
-63.6448
-64.2073
-64.5882
-65.0117
-65.5466
-66.2225
-66.6897
-67.3123
-67.7417
-68.2684
-68.9099
-69.5436
-70.0054
-70.4855
-70.9524
-71.6051
-72.1704
-72.7920
-73.4379
-74.0020
-74.3022
-74.7543
-75.3481
-75.9344
-76.4147
-77.0364
-77.5288
-78.0140
-78.6448
-79.0823
-79.5650
-80.1057
-80.4640
-80.6287
-80.6851
-80.4928
-80.4882
-80.2331
-80.1470
-79.9948
-80.0485
-80.0180
-79.7659
-79.6301
-79.6411
-79.6864
-79.5962
-79.6918
-80.0259
-80.3101
-80.4582
-80.4409
-80.5787
-80.5985
-80.5065
-80.4668
-80.4751
-80.4302
-80.2321
-80.0909
-80.1734
-80.3262
-80.4174
-80.3590
-80.5490
-80.5435
-80.2510
-79.9617
-79.8130
-79.6679
-79.4127
-79.2099
-78.9894
-78.9552
-78.7924
-78.3861
-78.1911
-78.1794
-78.3977
-78.6063
-78.9110
-79.2066
-79.4991
-79.8687
-80.2185
-80.5946
-80.8918
-81.1143
-81.0541
-81.0335
-80.9706
-80.8402
-80.4892
-80.0874
-79.7032
-79.2786
-78.9661
-78.7972
-78.5868
-78.6642
-78.5837
-78.4006
-78.1983
-78.1248
-78.1832
-78.0044
-77.7811
-77.2770
-76.9027
-76.3744
-75.7254
-75.1509
-74.5376
-73.9258
-73.3814
-73.1761
-72.9084
-72.6808
-72.4605
-72.2775
-72.0823
-71.8919
-71.5792
-71.5014
-71.3010
-71.0412
-70.7251
-70.3762
-70.3261
-70.5289
-70.9121
-71.3918
-71.6347
-71.6764
-71.9135
-72.2271
-72.2606
-72.1644
-71.8733
-71.5821
-71.0489
-70.6052
-69.9707
-69.3077
-68.9024
-68.4489
-67.8363
-67.3007
-66.6606
-66.0975
-65.6212
-64.9516
-64.4316
-64.2206
-63.7638
-63.2570
-62.8122
-62.4245
-61.8904
-61.3602
-60.7496
-60.3012
-59.9619
-59.6872
-59.5487
-59.1402
-58.7242
-58.1686
-57.7939
-57.4017
-56.9672
-56.5454
-56.1006
-55.6508
-54.9624
-54.4669
-53.8729
-53.3121
-52.8817
-52.7670
-52.8975
-52.8335
-52.6816
-52.5623
-52.1276
-51.7811
-51.3176
-51.0376
-50.9287
-50.6247
-50.3010
-50.1627
-49.9376
-49.5279
-49.1214
-48.8094
-48.3184
-47.8752
-47.3460
-46.8072
-46.1422
-45.7019
-45.0834
-44.6939
-44.0975
-43.6971
-43.0853
-42.5653
-41.9980
-41.3816
-40.8535
-40.2857
-39.7260
-39.3191
-38.9257
-38.3627
-37.9919
-37.3636
-36.7852
-36.2519
-35.6675
-35.0230
-34.5098
-33.9976
-33.5506
-32.8637
-32.1682
-31.6705
-31.1560
-30.6054
-30.1989
-29.7378
-29.2406
-28.8258
-28.6390
-28.5200
-28.5573
-28.4287
-28.2417
-28.1350
-28.2514
-28.5894
-28.7937
-29.1856
-29.4616
-29.6566
-29.7370
-29.6256
-29.5800
-29.2892
-28.8655
-28.6586
-28.5920
-28.8120
-28.7255
-28.6518
-28.6198
-28.4479
-28.2057
-28.1262
-28.2578
-28.1939
-27.9003
-27.5750
-27.1630
-26.6030
-26.2876
-25.8873
-25.2431
-24.6264
-24.1980
-23.7628
-23.3887
-22.8626
-22.3030
-21.7886
-21.2456
-20.7724
-20.3953
-19.9343
-19.4915
-19.0653
-18.4126
-18.0121
-17.5814
-17.1351
-17.0113
-16.8302
-16.9425
-17.0420
-17.1748
-17.5071
-17.7182
-18.1626
-18.4229
-18.6769
-18.9979
-19.0344
-18.7928
-18.6581
-18.5308
-18.3495
-18.0449
-17.5541
-16.9167
-16.4138
-15.8047
-15.3161
-14.9287
-14.4145
-14.2214
-13.8903
-13.4516
-12.9190
-12.5390
-12.1074
-11.7272
-11.4539
-11.0503
-10.6456
-10.5510
-10.5605
-10.8027
-10.7817
-10.5459
-10.2543
-10.2519
-10.4716
-10.7109
-11.0398
-11.1642
-11.3660
-11.6067
-11.9254
-12.2850
-12.7197
-13.2882
-13.7672
-14.1536
-14.6869
-15.0966
-15.6710
-16.2636
-16.6821
-17.0791
-17.6539
-18.1010
-18.6161
-19.0243
-19.5393
-20.0875
-20.5175
-20.9490
-21.3567
-21.7043
-22.1140
-22.1743
-21.9420
-21.6342
-21.5094
-21.3251
-21.1260
-21.1112
-20.9207
-20.9460
-20.8681
-20.7111
-20.7791
-20.7299
-20.9219
-21.2243
-21.7567
-22.2221
-22.6585
-23.1084
-23.4063
-23.8917
-24.2946
-24.7087
-25.2207
-25.6653
-26.2384
-26.8463
-27.3289
-27.8691
-28.4027
-28.8316
-29.2821
-29.7120
-30.2756
-30.7143
-31.2029
-31.8652
-32.3555
-32.9100
-33.5280
-33.9818
-34.3118
-34.6596
-35.1921
-35.7582
-36.3637