-115.613304
-116.36373
-117.022095
-117.59108
-118.048874
-118.40849
-118.71239
-119.00998
-119.37091
-119.82117
-120.33679
-120.876144
-121.424866
-121.931076
-122.375916
-122.72878
-122.93898
-122.947296
-122.800835
-122.52461
-122.10589
-121.58999
-121.061226
-120.614815
-120.320305
-120.152016
-120.04678
-120.00238
-120.03902
-120.1074
-120.15372
-120.09762
-119.981255
-119.85089
-119.75046
-119.74809
-119.837135
-119.98772
-120.10283
-120.14711
-120.16711
-120.13064
-120.054665
-119.927216
-119.805725
-119.72381
-119.669495
-119.62261
-119.61315
-119.61197
-119.55822
-119.410034
-119.11735
-118.64628
-118.04455
-117.33213
-116.56654
-115.77431
-114.99289
-114.267876
-113.64128
-113.07209
-112.56191
-112.12685
-111.707146
-111.30478
-110.85249
-110.364204
-109.83511
-109.30177
-108.762405
-108.224106
-107.68596
-107.14798
-106.642944
-106.12818
-105.5984
-105.03374
-104.43479
-103.80039
-103.130226
-102.46581
-101.85677
-101.35541
-100.98325
-100.72232
-100.56975
-100.516495
-100.60562
-100.8085
-101.12107
-101.5119
-101.89125
-102.18854
-102.338104
-102.25546
-101.923355
-101.374535
-100.71739
-100.06516
-99.44286
-98.91565
-98.494774
-98.1192
-97.73873
-97.35031
-96.88426
-96.30893
-95.64426
-94.97056
-94.30939
-93.71341
-93.245895
-92.89468
-92.637886
-92.397865
-92.09011
-91.66767
-91.1281
-90.487686
-89.78645
-89.089005
-88.45534
-87.966606
-87.637436
-87.42181
-87.25454
-87.10046
-86.89517
-86.60649
-86.26731
-85.897354
-85.54797
-85.24779
-84.99324
-84.75864
-84.46083
-84.06788
-83.561714
-82.97981
-82.3183
-81.5931
-80.84941
-80.15626
-79.51389
-78.923904
-78.378006
-77.90652
-77.49428
-77.109184
-76.74168
-76.39905
-76.067924
-75.75467
-75.4836
-75.25643
-75.08316
-74.926674
-74.759254
-74.57781
-74.37334
-74.13539
-73.815186
-73.43425
-73.03716
-72.69756
-72.388115
-72.14315
-71.922714
-71.766846
-71.6952
-71.7066
-71.81345
-72.00677
-72.35889
-72.85434
-73.50568
-74.264694
-75.104294
-75.96528
-76.779465
-77.49482
-78.06876
-78.55701
-78.977165
-79.40443
-79.86346
-80.38277
-80.93975
-81.46312
-81.92406
-82.319786
-82.66064
-82.96268
-83.24967
-83.53912
-83.83198
-84.10989
-84.321304
-84.43359
-84.39116
-84.160904
-83.84102
-83.594284
-83.472626
-83.51037
-83.698166
-83.95184
-84.13472
-84.2207
-84.1729
-83.99978
-83.78833
-83.66937
-83.72139
-83.97181
-84.410126
-85.011345
-85.672745
-86.27674
