1.0603
0.7617
0.6368
0.3328
0.1882
-0.0974
-0.4692
-0.8270
-1.1437
-1.4885
-1.8396
-2.3693
-2.8577
-3.3649
-3.8324
-4.1569
-4.7018
-5.3073
-5.8854
-6.3663
-6.8433
-7.3324
-7.9246
-8.3449
-8.7101
-8.9623
-9.4230
-9.6232
-9.8751
-10.3424
-10.6625
-10.9019
-11.0942
-11.0331
-10.9067
-10.8989
-10.9375
-10.7762
-10.7041
-10.4776
-10.4958
-10.5242
-10.4367
-10.3308
-10.2307
-9.9667
-9.8503
-9.7745
-9.4198
-9.3590
-9.0072
-8.5195
-8.2462
-7.9203
-7.4719
-6.8890
-6.4071
-5.8617
-5.4400
-5.0431
-4.3911
-3.8862
-3.5222
-3.1477
-2.7616
-2.4094
-2.0355
-1.5589
-1.1389
-0.5610
-0.0635
0.5313
0.9848
1.6347
2.0380
2.5804
3.0151
3.6013
4.1371
4.6753
5.1938
5.7828
6.1779
6.6891
7.1067
7.4355
7.8459
8.3833
9.0181
9.6799
10.2713
10.8111
11.4731
11.9405
12.5657
13.1963
13.7662
14.0965
14.2655
14.2365
14.4264
14.5506
14.8721
15.0289
15.0014
14.7916
14.6802
14.6162
14.5734
14.8096
14.7808
14.6963
14.7949
14.9209
14.8280
14.6434
14.2236
13.9118
13.3727
12.7634
12.3569
12.0294
11.6181
11.3808
10.9943
10.5608
10.3036
10.2039
10.2065
10.4773
10.5384
10.6722
10.6740
10.6458
10.5562
10.3067
10.1770
10.1799
9.9580
9.7974
9.6604
9.6026
9.3436
9.2038
9.0923
9.2207
9.5894
9.8783
9.9863
10.1051
10.2830
10.3227
10.1313
10.0659
10.1467
10.1802
10.0972
9.8845
9.5063
9.1195
8.6407
8.1574
7.5694
7.0940
6.5507
6.2663
5.8137
5.2847
4.9963
4.4890
4.2146
3.7299
3.3284
2.8261
2.2295
1.7847
1.1987
0.7211
0.3627
-0.0727
-0.3821
-0.9079
-1.2214
-1.8290
-2.3656
-2.8557
-3.4505
-3.8630
-4.3215
-4.8911
-5.3057
-5.7628
-6.2629
-6.7245
-7.0520
-7.3557
-7.7674
-8.2524
-8.4704
-8.3711
-8.3507
-8.5863
-8.9067
-9.2627
-9.4154
-9.5384
-9.6335
-9.6890
-9.7150
-9.8264
-9.7507
-9.4381
-9.1033
-8.6861
-8.2943
-7.9072
-7.4631
-6.9587
-6.5619
-6.1840
-5.9490
-5.5324
-5.2426
-4.7363
-4.1039
-3.5703
-3.0911
-2.7612
-2.6178
-2.3548
-2.3280
-2.2937
-2.2027
-2.1567
-2.1498
-2.0001
-1.8955
-1.6926
-1.2878
-0.9988
-0.7151
-0.5282
-0.1377
0.4831
0.8449
1.0107
1.2339
1.3331
1.3066
1.4401
1.8297
2.1757
2.5154
3.0166
3.3873
3.7725
3.9981
4.2058
4.3036
4.5651
4.6221
4.6282
4.5355
4.5806
4.6856
4.6132
4.2795
3.9775
3.6381
3.1999
2.9162
2.6822
2.4779
2.3837
2.2595
1.9745
1.4118
0.9659
0.4758
-0.1384
-0.7517
-1.2045
-1.6977
-2.3362
-2.7800
-3.4177
-3.9020
-4.2819
-4.8019
-5.3008
-5.8087
-6.3658
-7.0118
-7.4950
-8.1070
-8.7009
-9.1874
-9.4837
-9.7543
-10.1994
-10.7007
-11.2053
-11.6102
-12.0006
-12.3986
-12.8332
-13.1000
-13.5361
-13.9292
-14.5022
-14.8618
-15.3487
-15.8490
-16.4905
-16.8485
-17.1347
-17.2373
-17.5230
-17.9185
-18.3617
-18.6534
-19.1074
-19.5058
-20.0434
-20.5818
-21.0141
-21.5896
-22.0815
-22.4747
-22.7814
-22.9573
-22.9547
-22.8538
-22.7917
-22.5273
-22.0900
-21.4844
-21.1026
-20.7709
-20.6596
-20.6345
-20.6682
-20.5930
-20.4544
-20.0642
-19.9016
-20.0483
-20.0499
-19.8565
-19.9363
-19.8191
-19.4413
-19.3237
-19.4389
-19.4044
-19.4653
-19.3026
-19.1955
-18.9279
-18.5097
-18.0027
-17.4606
-16.9112
-16.3872
-15.7926
-15.3489
-14.8422
-14.5278
-14.2257
-13.7441
-13.3447
-12.9564
-12.6838
-12.5434
-12.2274
-11.6850
-11.4228
-11.2431
-10.9413
-10.5949
-10.0948
-9.7703
-9.5326
-9.2904
-8.9084
-8.4954
-8.0056
-7.4963
-6.9114
-6.5021
-5.8136
-5.1480
-4.6399
-4.1846
-3.5064
-2.8276
-2.2737
-1.7489
-1.3299
-0.7346
-0.1244
0.3113
0.6813
1.0899
1.5193
1.8964
2.2760
2.6898
2.9590
3.4812
3.8661
4.3372
4.8053
5.0494
5.2693
5.4964
5.5047
5.3075
5.0681
5.0225
4.8455
4.8405
4.8933
4.8535
4.5362
4.2780
4.1598
3.7979
3.2380
2.7957
2.3035
1.8850
1.3763
0.9934
0.4366
-0.2353
-0.7253
-1.3802
-1.9965
-2.5249
-2.8747
-3.4182
-3.6356
-4.0559
-4.3904
-4.7610
-5.4256
-5.8881
-6.4697
-6.9680
-7.1392
-7.5192
-7.7592
-8.1338
-8.5097
-8.8869
-9.1821
-9.3014
-9.1923
-9.1794
-8.9386
-8.8257
-8.4910
-8.0898
-7.8583
-7.5113
-7.1259
-6.5613
-6.1257
-5.7890
-5.6547
-5.6523
-5.6270
-5.3688
-5.3201
-5.1538
-5.2291
-5.2880
-5.2925
-5.4021
-5.6846
-5.9864
-6.2469
-6.6704
-6.9477
-7.2149
-7.3057
-7.4255
-7.3258
-7.0193
-6.5961
-5.9778
-5.3080
-4.8634
-4.2176
-3.7513
-3.1284
-2.6236
-2.0070
-1.5064
-0.9713
-0.3366
0.2899
0.6888
1.1663
1.6021
2.1659
2.6464
3.1981
3.8060
4.2030
4.5358
4.7304
5.1587
5.8222
6.4037
6.9385
7.4850
8.0241
8.5607
9.1817
9.6490
10.1520
10.4738
10.5311
10.7699
10.7570
10.9538
11.0852
11.1534
11.3701
11.5690
11.9695
12.4584
12.8509
13.0599
13.5474
13.8145
14.0543
14.0862
13.8421
13.6727
13.5615
13.3598
13.0951
12.8735
12.6607
12.2969
11.7066
11.0504
10.5410
10.1552
9.7777
9.3148
8.8948
8.2546
7.7103
7.2875
6.7266
6.2163
5.8211
5.1898
4.7590
4.3357
3.8552
3.3973
2.9563
2.6696
2.5291
2.5091
2.2916
2.1116
1.8081
1.3838
0.9132
0.2168
-0.2589
-0.9028
-1.3518
-1.8006
-2.2152
-2.6622
-3.0184
-3.3723
-3.7150
-3.8736
-3.9832
-4.1802
-4.3607
-4.3969
-4.4593
-4.4721
-4.3943
-4.1748
-4.0103
-3.9544
-4.0995
-4.3841
-4.5884
-4.8849
-5.3254
-5.7180
-6.1259
-6.7490
-7.3892
-7.9790
-8.4238
-8.9701
-9.4917
-9.8561
-10.3485
-10.8187
-11.2165
-11.7715
-12.2806
-12.7075
-13.1695
-13.6171
-13.9753
-14.1556
-14.4898
-14.9107
-15.3283
-15.5444
-15.6982
-15.6219
-15.5856
-15.6551
-15.5410
-15.4599
-15.4994
-15.8025
-15.8306
-16.0822
-16.3808
-16.4427
-16.5536
-16.7505
-16.8544
-16.8023
-16.6606
-16.4165
-16.3065
-16.3558
-16.2922
-16.1562
-15.9308
-15.7018
-15.3849
-14.9764
-14.7506
-14.3041
-13.9958
-13.7147
-13.5977
-13.7661
-14.0003
-14.4660
-14.7415
-15.0678
-15.3322
-15.7305
-16.3265
-16.8404
-17.1417
-17.5979
-18.1390
-18.5542
-19.0477
-19.4898
-20.1860
-20.6133
-21.0804
-21.6538
-22.2939
-22.7875
-23.2488
-23.7247
-24.1640
-24.6494
-25.2993
-25.9095
-26.3625
-26.8164
-27.2413
-27.5033
-27.6979
-28.0530
-28.2185
-28.3369
-28.2486
-27.9009
-27.5520
-27.2303
-27.1206
-27.2103
-27.1658
-26.9946
-26.7343
-26.4064
-26.0563
-25.7368
-25.4712
-25.2112
-25.1335
-25.2807
-25.1241
-25.1607
-25.0082
-25.0029
-25.1144
-25.1220
-25.3931
-25.6514
-25.6973
-25.8772
-26.1481
-26.5100
-26.7633
-27.0960
-27.3011
-27.4052
-27.2842
-26.9487
-26.8170
-26.7013
-26.8314
-26.9778
-26.9166
-26.6602
-26.5968
-26.4802
-26.2432
-25.9628
-25.8438
-25.6275
-25.5012
-25.4521
-25.6888
-25.6403
-25.5823
-25.7358
-25.8270
-25.6915
-25.5686
-25.2985
-25.2507
-25.0189
-24.7288
-24.2905
-23.8482
-23.4773
-23.0737
-22.5635
-22.0751
-21.4375
-20.8195
-20.3787
-19.8209
-19.4304
-19.0340
-18.4050
-17.8760
-17.4284
-16.9815
-16.5391
-15.9657
-15.5215
-15.2549
-15.1027
-15.0165
-15.1564
-15.2450
-15.6045
-16.0420
-16.5899
-17.1961
-17.7639
-18.3171
-18.6570
-19.1000
-19.5576
-20.2276
-20.7873
-21.2386
-21.6439
-22.1574
-22.7512
-23.1436
-23.6235
-24.0402
-24.6432
-25.0965
-25.6736
-26.1612
-26.8217
-27.3221
-27.9509
-28.4913
-29.0910
-29.7681
-30.3914
-30.9935
-31.3397
-31.7650
-32.2812
-32.5997
-33.2278
-33.8383
-34.2989
-34.8769
-35.4165
-35.8461
-36.2780
-36.6895
-37.2232
-37.5833
-37.8885
-38.0585
-38.3235
-38.6625
-39.0002
-39.3791
-39.7927
-40.2995
-40.7974
-41.2081
-41.6414
-41.9946
-42.2652
-42.3651
-42.2790
-42.3094
-42.1577
-42.2249
-42.1230
-41.8740
-41.5557
-41.1604
-40.8758
-40.8378
-41.0279
-41.2886
-41.3256
-41.2829
-40.9952
-41.0141
-41.2034
-41.4971
-41.7844
-42.1736
-42.6122
-43.1940
-43.6834
-44.1309
-44.6717
-45.0936
-45.5727
-46.0653
-46.6397
-47.0640
-47.6771
-48.1332
-48.5509
-49.1699
-49.7086
-50.1581
-50.6426
-51.1297
-51.5905
-52.0274
-52.6029
-52.9692
-53.3669
-53.9317
-54.5212
-54.9059
-55.3931
-55.7840
-56.1450
-56.4960
-56.9758
-57.6216
-58.1334
-58.5205
-58.8384
-58.9889
-59.3973
-59.9270
-60.4508
-61.0074
-61.3926
-61.6590
-62.1401
-62.5914
-62.9908
-63.4908
-63.9087
-64.2726
-64.4457
-64.7870
-65.4376
-66.0978
-66.5797
-67.0448
-67.6240
-68.0389
-68.3575
-68.7660
-69.3165
-69.8211
-70.4084
-71.0053
-71.5946
-72.1928
-72.5790
-73.1487
-73.7972
-74.3532
-74.7493
-75.1927
-75.6236
-76.0119
-76.6321
-76.9588
-77.3529
-77.8320
-78.4273
-79.0279
-79.3472
-79.5330
-79.6440
-79.4380
-79.5272
-79.8271
-80.1263
-80.2632
-80.2108
-79.9473
-79.6316
-79.1910
-78.9004
-78.5378
-78.1135
-77.7516
-77.3411
-77.0625
-76.6601
-76.1802
-75.8952
-75.6163
-75.4130
-75.0591
-74.8040
-74.8213
-74.6298
-74.3395
-73.8701
-73.6108
-73.4304
-73.0393
-72.7344
-72.5889
-72.4086
-72.4148
-72.4471
-72.2633
-71.9583
-71.9675
-71.9331
-71.9571
-72.1287
-72.2507
-72.1537
-72.0180
-71.6075
-71.1866
-70.6237
-70.0033
-69.5082
-68.8855
-68.4011
-68.0897
-67.7468
-67.3061
-66.7330
-66.2397
-65.7519
-65.2837
-64.8246
-64.2699
-63.9132
-63.5457
-62.9425
-62.4245
-61.9248
-61.5268
-60.9264
-60.4646
-59.9158
-59.2769
-58.8157
-58.4585
-58.3578
-58.4013
-58.1657
-57.8385
-57.2872
-56.6801
-56.0598
-55.4627
-55.0891
-54.4420
-54.0319
-53.5816
-53.2420
-52.6240
-52.0960
-51.7544
-51.1161
-50.5214
-50.0237
-49.4439
-49.0786
-48.4142
-47.9406
-47.3071
-46.8962
-46.5984
-46.0596
-45.6781
-45.1362
-44.6600
-44.1125
-43.6480
-43.1543
-42.7280
-42.3322
-42.0134
-41.7104
-41.4070
-41.1700
-40.7218
-40.1676
-39.8177
-39.4254
-39.0273
-38.6227
-38.1457
-37.5046
-37.0614
-36.4922
-36.0155
-35.6739
-35.3183
-34.9166
-34.6892
-34.7220
-34.5038
-34.0688
-33.8220
-33.5104
-33.0175
-32.5403
-32.1187
-31.5943
-30.9433
-30.5128
-30.0398
-29.4903
-28.8178
-28.3275
-27.8430
-27.3149
-26.8542
-26.5959
-26.2466
-25.8744
-25.4546
-24.9140
-24.5808
-24.4012
-24.2624
-24.2288
-24.2974
-24.3695
-24.4221
-24.4034
-24.6465
-24.8636
-25.4037
-25.7636
-26.2022
-26.6528
-27.2249
-27.7103
-28.2008
-28.6074
-29.0858
-29.5066
-30.0946
-30.5895
-31.0281
-31.4109
-31.9591
-32.3939
-33.0760
-33.6711
-34.0492
-34.5104
-35.0387
-35.3946
-35.6967
-35.7727
-35.8351
-36.0180
-36.2098
-36.4071
-36.4005
-36.4254
-36.5351
-36.4316
-36.3265
-36.0479
-35.5765
-35.4372
-35.1312
-34.7414
-34.2668
-33.9083
-33.5157
-33.3793
-33.1482
-32.9764
-32.7814
-32.4895
-32.3199
-32.3936
-32.2879
-32.2005
-31.8690
-31.5778
-31.2119
-30.7729
-30.3165
-29.9048
-29.4770
-29.0638
-28.5226
-28.1913
-27.9762
-27.5803
-27.1988
-26.6926
-26.4341
-26.2791
-25.9749
-25.7782
-25.5469
-25.1662
-24.9301
-24.5169
-24.0393
-23.7734
-23.5970
-23.5356
-23.7561
-23.8778
-24.1842
-24.4114
-24.6707
-25.1487
-25.5905
-26.1527
-26.5739
-27.0011
-27.4231
-28.0183
-28.4308
-28.8767
-29.3388
-29.6310
-29.7376
-29.8613
-30.0980
-30.3471
-30.6550
-31.1999
-31.6787
-32.2997
-32.8650
-33.3167
-33.8408
-34.4244
-34.9550
-35.3751
-35.9985
-36.6106
-37.0110
-37.5779
-37.9593
-38.5412
-39.1798
-39.5965
-39.8306
-39.8715
-39.7419
-39.7316
-39.9584
-39.9189
-40.2078
-40.5206
-40.7834
-40.9711
-41.3006
-41.7483
-42.0675
-42.4819
-42.6866
-42.9369
-43.4447
-43.8786
-44.0985
-44.2989
-44.2905
-44.0944
-43.8284
-43.4605
-43.0087
-42.7582
-42.7040
-42.7970
-43.0308
-43.5691
-43.8947
-44.4300
-45.0373
-45.4340
-46.1035
-46.7360
-47.1251
-47.6750
-48.1571
-48.8026
-49.3593
-49.9617
-50.3963
-50.8515
-51.2824
-51.6324
-52.0568
-52.6831
-53.1055
-53.5416
-53.9686
-54.6071
-55.3004
-55.7069
-56.1868
-56.7329
-57.1682
-57.4612
-57.7660
-58.2082
-58.8430
-59.3783
-59.7739
-60.2716
-60.6763
-61.1336
-61.6305
-62.2441
-62.8908
-63.3219
-63.7975
-64.3587
-65.0425
-65.5578
-66.1115
-66.6911
-67.0868
-67.6043
-68.1564
-68.7303
-69.2818
-69.8554
-70.3407
-71.0518
-71.5990
-72.0819
-72.4944
-73.1515
-73.7038
-74.0440
-74.4134
-74.7376
-75.1945
-75.6047
-75.9957
-76.6253
-77.0898
-77.5044
-78.1069
-78.7182
-79.2528
-79.8021
-80.3069
-80.9426
-81.5769
-82.0603
-82.4741
-83.0546
-83.5735
-84.1748
-84.7845
-85.4366
-85.9336
-86.6037
-86.9930
-87.4666
-87.8074
-88.2526
-88.7225
-89.2244
-89.5458
-89.6465
-90.0169
-90.6491
-91.1042
-91.3590
-91.4022
-91.2414
-90.8938
-90.5382
-90.0702
-89.4699
-89.0307
-88.4904
-87.8685
-87.4546
-86.7495
-86.1428
-85.6850
-85.2872
-84.8092
-84.2732
-83.8185
-83.2615
-82.6907
-82.1394
-81.4685
-81.0365
-80.3583
-79.7357
-79.1627
-78.7807
-78.3682
-77.8345
-77.2759
-76.7138
-76.2272
-75.8212
-75.4695
-74.9126
-74.5872
-74.0971
-73.6527
-73.2709
-73.1007
-72.7631
-72.5534
-72.3103
-72.0623
-71.8699
-71.6472
-71.5664
-71.6554
-71.7153
-71.6976
-71.7194
-71.9355
-72.0729
-72.3234
-72.3801
-72.6867
-73.1409
-73.6054
-73.9214
-74.3279
-74.9282
-75.5331
-76.1384
-76.6221
-77.0478
-77.6017
-78.0211
-78.6521
-79.1128
-79.4921
-79.8775
-80.2991
-80.6633
-81.2216
-81.7854
-82.3577
-82.8179
-83.2318
-83.6827
-84.2653
-84.7524
-85.1811
-85.6041
-86.0097
-86.3785
-86.6527
-86.9651
-86.9996
-86.7531
-86.2732
-86.0320
-85.6511
-85.1980
-84.7307
-84.3370
-84.1082
-83.9183
-83.5268
-83.3059
-82.9292
-82.5937
-82.5598
-82.3135
-81.7796
-81.3495
-80.8560
-80.5290
-80.2001
-79.9239
-79.7026
-79.3361
-79.0268
-78.6639
-78.4499
-78.3221
-77.9998
-77.7277
-77.2605
-76.8014
-76.2416
-75.5830
-75.1553
-74.6237
-74.2063
-73.6536
-72.9873
-72.3671
-71.7665
-71.3798
-71.2534
-71.0929
-70.9051
-70.5910
-70.1383
-69.7628
-69.4946
-69.1783
-68.6591
-68.1780
-67.8350
-67.3867
-66.7494
-66.2747
-65.6508
-65.0051
-64.5084
-64.1402
-63.8102
-63.5812
-63.3153
-63.2149
-63.1562
-62.9223
-62.7114
-62.7771
-63.0279
-63.1976
-63.5108
-63.7831
-63.8972
-64.2838
-64.4917
-64.7858
-64.9924
-64.8711
-65.0384
-64.9488
-65.0141
-65.1857
-65.5794
-65.7100
-65.9134
-66.1535
-66.2351
-66.3103
-66.1244
-66.0917
-66.2027
-66.3066
-66.4883
-66.7374
-67.0086
-67.1044
-67.0276
-66.8996
-66.7298
-66.2531
-65.9360
-65.6023
-65.0335
-64.4708
-63.8421
-63.4309
-62.9824
-62.4920
-62.0540
-61.7671
-61.3963
-60.8772
-60.4596
-59.9312
-59.7156
-59.5662
-59.3458
-59.3798
-59.5799
-59.6975
-59.6589
-59.4297
-59.4072
-59.4790
-59.6671
-59.5476
-59.6772
-60.0456
-60.2401
-60.5519
-60.8350
-61.3775
-61.8612
-62.5038
-63.0633
-63.6538
-64.3139
-64.7049
-65.0588
-65.6512
-66.0394
-66.4587
-66.8460
-67.5275
-68.0167
-68.3908
-68.8733
-69.2157
-69.7375
-70.2602
-70.8216
-71.1204
-71.2788
-71.3602
-71.2570
-71.1511
-71.0955
-70.9714
-70.9912
-70.8317
-70.4718
-70.2945
-70.0208
-69.9251
-70.0179
-70.3061
-70.3820
-70.5159
-70.7035
-70.7968
-70.7503
-70.9458
-71.2353
-71.7044
-72.1951
-72.3956
-72.7408
-73.0646
-73.5513
-74.1723
-74.7205
-75.0661
-75.2940
-75.5332
-75.7568
-76.0069
-76.0272
-76.0757
-76.2384
-76.4586
-76.9193
-77.1025
-77.3316
-77.3878
-77.4263
-77.2441
-76.9538
-76.8147
-76.9733
-77.0366
-77.1729
-77.4338
-77.7696
-77.9498
-78.1888
-78.3714
-78.3657
-78.3023
-78.2740
-78.2245
-78.4258
-78.7687
-79.1001
-79.4429
-80.0572
-80.4995
-81.1016
-81.5405
-81.9643
-82.4510
-82.9816
-83.4498
-84.1074
-84.6892
-85.3094
-85.8174
-86.5082
-87.0787
-87.6445
-88.0812
-88.5563
-88.8916
-89.3817
-90.0753
-90.4768
-91.0809
-91.6803
-92.2708
-92.9508
-93.4392
-93.8817
-94.3364
-95.0016
-95.4266
-95.9603
-96.4887
-97.1383
-97.7893
-98.2580
-98.8158
-99.4436
-99.8778
-100.2791
-100.7952
-101.2590
-101.9511
-102.3786
-102.8941
-103.5314
-104.0372
-104.5153
-104.9444
-105.2071
-105.7165
-106.3490
-106.6237
-107.0945
-107.4292
-107.9105
-108.4401
-109.0010
-109.5104
-109.9438
-110.3654
-110.8912
-111.2971
-111.5554
-111.8632
-112.4681
-112.9867
-113.5856
-114.0572
-114.5904
-115.1052
-115.5541
-116.0001
-116.4778
-117.1246
-117.4770
-117.8129
-118.0487
-118.2470
-118.3634
-118.2037
-117.9685
-117.7828
-117.3529
-116.8137
-116.3198
-115.9547
-115.4176
-114.8288
-114.3248
-113.8985
-113.3368
-112.8890
-112.2778
-111.8993
-111.5252
-110.9611
-110.4426
-109.8938
-109.4990
-109.0294
-108.5031
-108.0204
-107.5809
-107.0008
-106.3612
-105.7467
-105.2865
-105.0442
-104.9003
-104.7513
-104.6592
-104.5913
-104.5278
-104.5765
-104.9004
-105.1894
-105.2691
-105.2734
-105.4161
-105.5393
-105.9523
-106.4212
-106.9278
-107.2483
-107.4435
-107.4794
-107.4949
-107.4704
-107.7423
-108.0739
-108.6709
-109.2051
-109.7604
-110.1805
-110.6148
-110.7771
-110.9464
-111.3593
-111.6451
-111.8385
-111.9289
-112.0560
-112.2099
-112.3124
-112.6714
-113.0810
-113.5964
-114.1099
-114.6502
-115.2713
-115.6514
-116.0219
-116.5543
-116.9048
-117.2860
-117.7181
-118.1795
-118.7741
-119.3246
-119.7748
-120.1897
-120.6883
-121.0250
-121.4058
-121.6640
-121.7211
-121.5662
-121.6054
-121.4481
-121.0447
-120.7335
-120.5341
-120.4475
-120.4211
-120.2110
-119.9234
-119.8690
-119.9473
-119.8296
-119.6733
-119.3249
-119.3107
-119.3018
-119.3193
-119.5180
-119.5704
-119.6082
-119.3967
-119.3075
-119.4531
-119.3031
-119.2816
-119.1180
-119.1880
-119.2200
-119.1367
-119.0333
-119.1271
-119.0318
-118.7854
-118.5116
-118.0721
-117.5153
-117.0943
-116.4810
-115.9446
-115.2917
-114.6827
-114.1449
-113.6888
-113.0147
-112.5300
-112.1459
-111.5286
-111.1209
-110.4335
-109.9717
-109.4075
-108.9822
-108.4349
-107.9134
-107.3755
-106.8384
-106.4452
-105.7987
-105.2567
-104.6341
-104.0484
-103.4185
-102.7607
-102.2469
-101.8135
-101.4965
-101.2089
-100.8913
-100.7227
-100.6185
-100.8167
-100.8891
-101.1430
-101.3737
-101.4085
-101.4229
-101.3076
-100.9239
-100.5208
-100.0941
-99.8215
-99.5950
-99.1258
-98.8838
-98.5653
-98.0476
-97.5468
-97.1698
-96.5003
-95.8391
-95.2567
-94.8627
-94.2976
-93.9018
-93.6626
-93.2891
-92.9657
-92.4642
-91.8665
-91.2709
-90.7105
-90.1143
-89.5520
-89.0818
-88.6665
-88.4712
-88.2136
-87.8584
-87.4766
-87.1915
-86.7554
-86.3379
-86.0818
-85.7684
-85.5827
-85.3763
-85.1159
-84.8024
-84.2276
-83.7282
-83.1653
-82.7193
-82.0640
-81.4244
-80.8689
-80.4441
-79.8501
-79.3043
-78.7631
-78.4169
-77.9735
-77.4908
-77.0919
-76.7687
-76.3847
-76.0841
-75.8799
-75.6447
-75.4907
-75.1969
-74.9155
-74.7035
-74.4533
-74.1650
-73.6739
-73.3578
-73.1115
-73.0308
-72.6474
-72.5371
-72.1977
-72.1866
-72.1836
-72.1927
-72.3358
-72.4863
-73.0546
-73.4688
-74.1193
-74.6633
-75.3400
-75.9213
-76.4230
-76.8809
-77.2359
-77.8501
-78.2907
-78.9466
-79.4836
-80.0979
-80.5845
-80.8752
-81.2386
-81.6236
-81.9991
-82.3675
-82.7497
-83.1191
-83.4296
-83.6704
-83.7234
-83.7480
-83.5386
-83.2217
-83.2570
-83.5893
-83.7025
-83.9038
-84.1027
-84.0948
-83.8270
-83.8077
-83.6177
-83.4595
-83.5305
-83.8573
-84.1845
-84.5455
-84.9482
-85.4484
-85.7290
-85.8866
-86.1312