-115.043106
-115.51546
-116.04403
-116.62048
-117.22176
-117.82813
-118.4288
-119.015625
-119.596275
-120.16655
-120.718636
-121.239105
-121.73381
-122.19231
-122.61575
-122.99307
-123.30546
-123.51624
-123.61703
-123.60043
-123.44605
-123.15796
-122.75994
-122.293396
-121.80688
-121.31854
-120.840416
-120.40309
-120.04452
-119.77064
-119.574295
-119.43194
-119.346954
-119.315834
-119.34147
-119.434616
-119.58451
-119.77598
-119.96663
-120.13599
-120.29272
-120.41562
-120.49842
-120.53069
-120.52517
-120.49552
-120.445076
-120.375916
-120.301445
-120.22374
-120.13083
-120.004135
-119.81513
-119.53425
-119.159225
-118.68376
-118.11645
-117.45521
-116.7129
-115.92144
-115.11653
-114.31159
-113.52485
-112.78716
-112.097435
-111.46738
-110.88228
-110.34501
-109.8499
-109.39472
-108.96092
-108.54466
-108.13131
-107.71418
-107.2943
-106.85394
-106.39102
-105.895996
-105.362465
-104.79165
-104.18388
-103.553764
-102.9258
-102.33009
-101.786476
-101.31001
-100.916214
-100.6208
-100.454185
-100.4181
-100.51945
-100.75588
-101.087006
-101.47068
-101.86161
-102.187096
-102.39972
-102.45765
-102.360466
-102.12068
-101.74198
-101.25729
-100.69616
-100.069305
-99.38946
-98.691444
-97.97076
-97.230064
-96.47942
-95.748665
-95.044846
-94.385
-93.79655
-93.28303
-92.8477
-92.47113
-92.11999
-91.76698
-91.38914
-90.974594
-90.51414
-90.01668
-89.50097
-89.00152
-88.541016
-88.12735
-87.755455
-87.42689
-87.121475
-86.82432
-86.54333
-86.26955
-86.01265
-85.779274
-85.563446
-85.351456
-85.11414
-84.83131
-84.48315
-84.06827
-83.5777
-83.00554
-82.36219
-81.68009
-80.96935
-80.24924
-79.53537
-78.85728
-78.22638
-77.64566
-77.12039
-76.65678
-76.24979
-75.8957
-75.60143
-75.36533
-75.18764
-75.04794
-74.931816
-74.82908
-74.72392
-74.60352
-74.43552
-74.21649
-73.955055
-73.67735
-73.38029
-73.08283
-72.780754
-72.49908
-72.262985
-72.08618
-71.98634
-71.97113
-72.08485
-72.334114
-72.73602
-73.278015
-73.95564
-74.74369
-75.602264
-76.48846
-77.35705
-78.194084
-78.97347
-79.700584
-80.37001
-80.992546
-81.56521
-82.069046
-82.502594
-82.87246
-83.19145
-83.46675
-83.71116
-83.9349
-84.15123
-84.35459
-84.533165
-84.66677
-84.72676
-84.68606
-84.56348
-84.413445
-84.25468
-84.12209
-84.03469
-83.99069
-83.955635
-83.929085
-83.89416
-83.840706
-83.78575
-83.76189
-83.80137
-83.921036
-84.137764
-84.46265
-84.878235
-85.35181
